Setting up [LPIPS] perceptual loss: trunk [vgg], v[0.1], spatial [off]
Loading model from: /home/cjh/anaconda3/lib/python3.11/site-packages/lpips/weights/v0.1/vgg.pth
Finished loading model
Diffuse attack initialized with noise step 6 and use prompt 0
method: wevade
0 0.33986741304397583 0.9866666666666667 31.15865783310758 0.5333333333333333 19.278756984241085 0.5133333333333333 27.44167835461612
1 0.33588480949401855 1.0 31.077832521978046 0.5433333333333333 19.26897803636559 0.52 27.387917349420018
2 0.3335079252719879 1.0 31.03821879600199 0.5133333333333333 19.26211822038185 0.5233333333333333 27.421128978846944
3 0.3312745988368988 1.0 31.00146239911882 0.5166666666666666 19.239338330219976 0.53 27.411540038424945
4 0.3267768323421478 1.0 30.981569905213284 0.53 19.228121620726508 0.5366666666666666 27.37454522989973
5 0.3250846564769745 1.0 30.936019678120385 0.5366666666666666 19.2174410600452 0.54 27.354411131300004
6 0.32302725315093994 1.0 30.877974052579166 0.5266666666666666 19.218210875832668 0.5466666666666666 27.379787267169075
7 0.32193830609321594 1.0 30.81288921890384 0.53 19.212687227827576 0.5466666666666666 27.3734421889229
8 0.31973132491111755 1.0 30.753827488756386 0.54 19.205582878387258 0.5533333333333333 27.31892177116749
9 0.3199606239795685 1.0 30.686138006842004 0.53 19.203257336682494 0.5566666666666666 27.287619327585016
10 0.3167978823184967 1.0 30.615980046790085 0.5466666666666666 19.20002227440433 0.5566666666666666 27.261856926149694
11 0.3128434419631958 1.0 30.54347988639978 0.5366666666666666 19.189270710275693 0.56 27.20773378018471
12 0.31342074275016785 1.0 30.471205447934157 0.5533333333333333 19.18510635487423 0.56 27.208363801208314
13 0.31517893075942993 1.0 30.402108386327306 0.53 19.18398254420683 0.5633333333333334 27.141837790817938
14 0.3116105794906616 1.0 30.3337449937831 0.5466666666666666 19.16790565432914 0.5733333333333333 27.106721015244656
15 0.3096490800380707 1.0 30.2562772760727 0.5700000000000001 19.168663682760684 0.5700000000000001 27.108221823689785
16 0.30869925022125244 1.0 30.183899269901527 0.5533333333333333 19.16158733420246 0.5733333333333333 27.04623954088178
17 0.3067049980163574 1.0 30.097673569658294 0.5333333333333333 19.14763495323229 0.5800000000000001 27.021925388801495
18 0.30787941813468933 1.0 30.034087233348412 0.56 19.148042572127636 0.5866666666666667 26.96132978274242
19 0.3056095242500305 1.0 29.9561346789704 0.5533333333333333 19.143287474688417 0.5866666666666667 26.952934921197688
20 0.30208832025527954 1.0 29.885816549365657 0.5766666666666667 19.144786422729318 0.5966666666666667 26.874652884866123
21 0.30370011925697327 1.0 29.819351834103355 0.5700000000000001 19.1339401421575 0.5966666666666667 26.84266445070426
22 0.3027026653289795 1.0 29.75506936517779 0.56 19.12358924156799 0.5966666666666667 26.807852095015427
23 0.30093517899513245 1.0 29.692084155315094 0.5800000000000001 19.12364509385106 0.61 26.80243634809045
24 0.30112797021865845 1.0 29.624278531958698 0.5633333333333334 19.1231122079462 0.6 26.736782009230218
25 0.2994871735572815 1.0 29.56337750409306 0.5700000000000001 19.120717792600907 0.61 26.707465674118048
26 0.2983662486076355 1.0 29.512635462898146 0.5733333333333333 19.124657186644576 0.6066666666666667 26.691556779959534
27 0.2981903553009033 1.0 29.45451967211391 0.5766666666666667 19.10315333922245 0.6133333333333333 26.62340437519152
28 0.297638475894928 1.0 29.406697388732866 0.5766666666666667 19.092129739229325 0.6066666666666667 26.566115280079185
29 0.296797513961792 1.0 29.364025389810212 0.5733333333333333 19.0988261360226 0.61 26.626548572208655
30 0.29499030113220215 1.0 29.305651339193055 0.5933333333333333 19.078758273051676 0.62 26.54649468673028
31 0.2947535514831543 1.0 29.255034158268877 0.5800000000000001 19.07638365007031 0.6133333333333333 26.49795461352578
32 0.29310888051986694 1.0 29.214498801589333 0.5966666666666667 19.07992600710804 0.6266666666666667 26.468279886885334
33 0.29439979791641235 1.0 29.166333265786818 0.5833333333333333 19.082792290158643 0.62 26.464264685044583
34 0.2929384410381317 1.0 29.12553455120966 0.6066666666666667 19.059354899990606 0.6233333333333333 26.41047118643325
35 0.29219478368759155 1.0 29.079026671444513 0.6033333333333333 19.074124023600653 0.62 26.416378100654146
36 0.2915341854095459 1.0 29.036514544101315 0.6 19.063712883383182 0.6233333333333333 26.416169287958645
37 0.2918999493122101 1.0 29.002823066619264 0.5933333333333333 19.06113630964806 0.6266666666666667 26.388615612900995
38 0.2917501628398895 1.0 28.964113847390507 0.5866666666666667 19.053658956004714 0.6133333333333333 26.325313391213992
39 0.29063645005226135 1.0 28.923398832165898 0.5900000000000001 19.050975251889536 0.6233333333333333 26.30104533056914
40 0.2894158661365509 1.0 28.896160841814186 0.6033333333333333 19.06458769475818 0.63 26.2761770209498
41 0.2873707413673401 1.0 28.85532945651718 0.6033333333333333 19.06480560419545 0.6233333333333333 26.247056895842228
42 0.2895256578922272 1.0 28.82294592880871 0.5866666666666667 19.045755856442586 0.63 26.237971549393254
43 0.2896098494529724 1.0 28.78044685985244 0.5966666666666667 19.059220455179243 0.6366666666666667 26.191582860039855
44 0.28729134798049927 1.0 28.738419281363917 0.6033333333333333 19.047904405505708 0.63 26.202600165500428
45 0.2872420847415924 1.0 28.704025641922307 0.5966666666666667 19.043506470978365 0.6233333333333333 26.15916069394157
46 0.2891210615634918 1.0 28.67483481750679 0.6066666666666667 19.041845442422215 0.6233333333333333 26.122732449405653
47 0.2849472761154175 1.0 28.63708696228789 0.61 19.041589188355843 0.6333333333333333 26.104451451605595
48 0.28479743003845215 1.0 28.617868523554073 0.6166666666666667 19.032081981319088 0.64 26.074481942189966
49 0.28665095567703247 1.0 28.592911593642896 0.6066666666666667 19.026955468442498 0.6366666666666667 26.066167927557377
50 0.28669166564941406 1.0 28.56895035168433 0.6066666666666667 19.034929532940666 0.6333333333333333 26.036814980862218
51 0.28474369645118713 1.0 28.538635979354787 0.6 19.02699283858321 0.6366666666666667 26.04296898078954
52 0.28462788462638855 1.0 28.51203897589853 0.6066666666666667 19.039538536492426 0.64 26.0311487516981
53 0.28440946340560913 1.0 28.472329908386374 0.63 19.014630706209555 0.6366666666666667 25.9850906134996
54 0.2834595739841461 1.0 28.437611956807824 0.6166666666666667 19.022254271091562 0.6466666666666667 25.9657281580128
55 0.28242871165275574 1.0 28.40418908695705 0.6166666666666667 19.012579922799496 0.64 25.910939274462237
56 0.2829802930355072 1.0 28.37596352122452 0.61 19.00365285477017 0.6366666666666667 25.933860058173206
57 0.281110018491745 1.0 28.349646123060765 0.6333333333333333 19.00717062324479 0.6333333333333333 25.93890572200976
58 0.2821958065032959 1.0 28.313575910322434 0.6066666666666667 18.992517411702657 0.6466666666666667 25.88241634558311
59 0.28205204010009766 1.0 28.28488017385348 0.61 18.991161578273573 0.6433333333333333 25.842446410474796
60 0.2808072566986084 1.0 28.26191475624109 0.6066666666666667 19.00002611388211 0.6466666666666667 25.85396927046024
61 0.2797119617462158 1.0 28.224333669856016 0.6333333333333333 18.992488038022312 0.6433333333333333 25.820597418388743
62 0.2812625467777252 1.0 28.197311303445744 0.6033333333333333 19.002823207172813 0.6433333333333333 25.815724591415552
63 0.28005731105804443 1.0 28.179293826337215 0.63 18.991753193722502 0.64 25.75769868089178
64 0.2787213921546936 1.0 28.160279216692455 0.6166666666666667 18.988569870836205 0.65 25.763906084533396
65 0.2792283296585083 1.0 28.141123132844644 0.62 18.99755563434409 0.64 25.751485127674254
66 0.279809832572937 1.0 28.1116162429388 0.62 19.002860075378404 0.64 25.735117020547293
67 0.27770116925239563 1.0 28.08998898626916 0.63 18.998477395550168 0.6433333333333333 25.722216414590303
68 0.2790463864803314 1.0 28.062404280358763 0.6033333333333333 18.98616660300155 0.6466666666666667 25.736283514704233
69 0.2789837718009949 1.0 28.03819080126877 0.6166666666666667 18.98376610603311 0.64 25.6877391804689
70 0.2764798104763031 1.0 28.0247610856443 0.6433333333333333 18.974744390388228 0.6533333333333333 25.65600565946761
71 0.2752865254878998 1.0 28.0025861232477 0.6333333333333333 18.976113781170774 0.6433333333333333 25.628302000630452
72 0.2769065797328949 1.0 27.985573088583592 0.6366666666666667 18.978366713244192 0.64 25.628212832201896
73 0.27824923396110535 1.0 27.959252542061503 0.61 18.974581899552433 0.6433333333333333 25.62551225781208
74 0.2733456492424011 1.0 27.938281957524755 0.64 18.981177519747693 0.65 25.60584397433491
75 0.2749742865562439 1.0 27.92153143525317 0.63 18.977690813715967 0.65 25.582098484916624
76 0.275446355342865 1.0 27.902493112067347 0.63 18.97390993774306 0.6533333333333333 25.53784042099307
77 0.27645936608314514 1.0 27.887883036845107 0.63 18.960673223032618 0.6466666666666667 25.577230714494135
78 0.2747810184955597 1.0 27.859241924131183 0.6166666666666667 18.969078150757774 0.6599999999999999 25.538814432680603
79 0.2753591537475586 1.0 27.85158252013983 0.64 18.971506703354695 0.6566666666666667 25.54858721194398
80 0.2733781337738037 1.0 27.835228184623393 0.65 18.956131608858083 0.6533333333333333 25.48149915839428
81 0.2733452618122101 1.0 27.811124541778028 0.6333333333333333 18.966638347290864 0.6599999999999999 25.512881071238276
82 0.2719672918319702 1.0 27.792200388733576 0.6166666666666667 18.96325844431894 0.65 25.48051302297982
83 0.2732712924480438 1.0 27.775749100554123 0.6533333333333333 18.961044519368492 0.6566666666666667 25.486785148563932
84 0.27279096841812134 1.0 27.760660040226487 0.64 18.95693893498338 0.6599999999999999 25.464802335828374
85 0.27431294322013855 1.0 27.744982471095394 0.6266666666666667 18.953101469485865 0.6533333333333333 25.470817212326086
86 0.2729703187942505 1.0 27.72044615772173 0.6566666666666667 18.951890669517724 0.6566666666666667 25.45917055967058
87 0.27249762415885925 1.0 27.711237116454196 0.6433333333333333 18.953998231052612 0.6599999999999999 25.42451271787825
88 0.27264487743377686 1.0 27.702949411904328 0.6233333333333333 18.96114586595299 0.6733333333333333 25.412259436544993
89 0.27351629734039307 1.0 27.693305621847504 0.6166666666666667 18.951786763349826 0.6666666666666667 25.394992193648687
90 0.27260392904281616 1.0 27.674826626155294 0.6366666666666667 18.94573586934404 0.6599999999999999 25.38761310082652
91 0.2710725665092468 1.0 27.659151149076806 0.6566666666666667 18.946609568354603 0.6633333333333333 25.35892755810667
92 0.2715521454811096 1.0 27.64609319838329 0.6333333333333333 18.938695673644542 0.6666666666666667 25.372840481236093
93 0.27108559012413025 1.0 27.633766043209775 0.6366666666666667 18.930735804248705 0.6599999999999999 25.36153749275943
94 0.27223289012908936 1.0 27.616859556856834 0.62 18.94122384046116 0.6666666666666667 25.33741528262675
95 0.26897940039634705 1.0 27.611407225062376 0.6599999999999999 18.939816640441496 0.6633333333333333 25.333820182703572
96 0.27110594511032104 1.0 27.588287769365753 0.65 18.928022721665695 0.6666666666666667 25.307925551295305
97 0.27030155062675476 1.0 27.58040082559333 0.6599999999999999 18.933165482589366 0.6699999999999999 25.3127641251142
98 0.27109089493751526 1.0 27.56249482270059 0.64 18.944473253276904 0.6733333333333333 25.279879418234806
99 0.26733410358428955 1.0 27.556424430743395 0.6466666666666667 18.925320707008584 0.6733333333333333 25.30464744598739
100 0.2681756019592285 1.0 27.54134528485156 0.64 18.93455404363385 0.6699999999999999 25.26123720471297
101 0.26696789264678955 1.0 27.5305179890063 0.6533333333333333 18.934704749911294 0.6766666666666667 25.28809474706361
102 0.2681185007095337 1.0 27.52367111286278 0.6433333333333333 18.92901046853922 0.6666666666666667 25.22869993743603
103 0.26806917786598206 1.0 27.51821385079147 0.6533333333333333 18.924510037354946 0.6833333333333333 25.22963430261631
104 0.2677454948425293 1.0 27.504626325560384 0.64 18.92139617225061 0.6766666666666667 25.205088597938435
105 0.2658018469810486 1.0 27.497214274175658 0.6433333333333333 18.918622778818197 0.6699999999999999 25.187000368912305
106 0.2691679894924164 1.0 27.494462286278054 0.6366666666666667 18.922512352022416 0.6733333333333333 25.271011471928666
107 0.2661358714103699 1.0 27.473787434822295 0.65 18.92470111211924 0.6833333333333333 25.19629182118562
108 0.266223669052124 1.0 27.47029942228288 0.6333333333333333 18.925974230984846 0.6766666666666667 25.210949871841066
109 0.26630157232284546 1.0 27.449811069836297 0.6366666666666667 18.913603815205175 0.6866666666666666 25.167004687350794
110 0.26665669679641724 1.0 27.450348441109576 0.6566666666666667 18.90980118516144 0.6833333333333333 25.210087024013383
111 0.2657994031906128 1.0 27.431199643450096 0.65 18.90630901360852 0.6666666666666667 25.151062809147213
112 0.26743030548095703 1.0 27.424038155650877 0.6566666666666667 18.897773068379713 0.6733333333333333 25.173559729080324
113 0.265520840883255 1.0 27.413022463885724 0.6566666666666667 18.90331349256254 0.6866666666666666 25.1683119236411
114 0.2661023736000061 1.0 27.40749360149843 0.6466666666666667 18.90786848149134 0.6833333333333333 25.13535214510135
115 0.2665293514728546 1.0 27.404688889798084 0.6566666666666667 18.909012645373227 0.6833333333333333 25.1312337463631
116 0.26471686363220215 1.0 27.406996849926575 0.6599999999999999 18.91112606866796 0.6833333333333333 25.143693034145784
117 0.26522526144981384 1.0 27.396336385841927 0.6433333333333333 18.904201008083536 0.6799999999999999 25.172634577383906
118 0.2637741267681122 1.0 27.383632425307013 0.6666666666666667 18.90345623562399 0.6966666666666667 25.131253389025954
119 0.26563048362731934 1.0 27.38174253026461 0.6533333333333333 18.898248511216355 0.6799999999999999 25.13357819302611
120 0.265231728553772 1.0 27.368267379801388 0.6466666666666667 18.914295644498452 0.69 25.13013072644222
121 0.26348114013671875 1.0 27.360116198913197 0.65 18.906227981909506 0.6933333333333334 25.095354609337996
122 0.26616284251213074 1.0 27.352426971174715 0.64 18.902661234355975 0.69 25.09196450029006
123 0.2635021507740021 1.0 27.346005813063776 0.6433333333333333 18.89982089522759 0.6866666666666666 25.098549616970264
124 0.2630123794078827 1.0 27.34438068720232 0.6599999999999999 18.89658560086463 0.69 25.106077287501385
125 0.2658439576625824 1.0 27.33483884405468 0.6533333333333333 18.89592037666445 0.6799999999999999 25.08172540574332
126 0.2641364336013794 1.0 27.329989240467402 0.6466666666666667 18.885924696245446 0.6799999999999999 25.103222020970385
127 0.26343393325805664 1.0 27.326357434590093 0.6533333333333333 18.908643785522806 0.6933333333333334 25.08639049649007
128 0.26366162300109863 1.0 27.319354587981053 0.6666666666666667 18.89955426343535 0.6933333333333334 25.07096149458931
129 0.2633904814720154 1.0 27.31069008416253 0.6699999999999999 18.894148371305764 0.6966666666666667 25.05078297747694
130 0.26095664501190186 1.0 27.30714485082149 0.6766666666666667 18.891040653824664 0.6866666666666666 25.049269938153405
131 0.2632308900356293 1.0 27.303630809540707 0.6633333333333333 18.89787582631194 0.7 25.044170599102213
132 0.26212114095687866 1.0 27.294627571343767 0.6666666666666667 18.888672818881417 0.69 25.04071936794631
133 0.26444754004478455 1.0 27.285604932795472 0.6433333333333333 18.890193727089596 0.6866666666666666 25.043397871516675
134 0.26076364517211914 1.0 27.27796246497437 0.6633333333333333 18.902621353115137 0.6933333333333334 25.037372705344623
135 0.26228952407836914 1.0 27.266426413763725 0.6533333333333333 18.90888744645951 0.7 25.0485897367681
136 0.2621897757053375 1.0 27.259892037161247 0.6599999999999999 18.895040658409734 0.7 25.04769542287587
137 0.2631271779537201 1.0 27.248998244924536 0.6599999999999999 18.89826607633575 0.7033333333333334 25.000989316180963
138 0.26190537214279175 1.0 27.243792871066766 0.6599999999999999 18.886980080120995 0.6966666666666667 25.031139825950422
139 0.26147130131721497 1.0 27.236994269507644 0.6599999999999999 18.886862310570173 0.6966666666666667 24.99408095725684
140 0.2609681189060211 1.0 27.24119210765297 0.6633333333333333 18.894485369208486 0.6966666666666667 25.0151979521414
141 0.26338496804237366 1.0 27.23887720425859 0.6533333333333333 18.890973591418394 0.7 24.982248389592684
142 0.2616996765136719 1.0 27.213781638391975 0.6566666666666667 18.888266966856463 0.7033333333333334 24.9741987381868
143 0.26242366433143616 1.0 27.203585391693835 0.6433333333333333 18.89031623013913 0.7033333333333334 24.93299870681685
144 0.26228269934654236 1.0 27.18548649375719 0.6566666666666667 18.88633288194319 0.71 24.963804030307088
145 0.261499285697937 1.0 27.176474426902843 0.6733333333333333 18.892858383879517 0.7 24.908028929890058
146 0.25971904397010803 1.0 27.16534162366552 0.6699999999999999 18.88036804873241 0.71 24.924613416251653
147 0.2609647810459137 1.0 27.15631388677073 0.6533333333333333 18.881298646908476 0.7066666666666667 24.846186539037145
148 0.26071760058403015 1.0 27.1528612671594 0.6633333333333333 18.88473410530221 0.7066666666666667 24.91847320026217
149 0.26018255949020386 1.0 27.13690988792944 0.6533333333333333 18.875160445668044 0.6966666666666667 24.85807732264993
150 0.25974181294441223 1.0 27.13571525929411 0.6566666666666667 18.879250917593883 0.7033333333333334 24.909448921623234
151 0.2599809467792511 1.0 27.12707134605894 0.6599999999999999 18.86422291979388 0.71 24.857929415063836
152 0.2611944377422333 1.0 27.117416200391823 0.6599999999999999 18.880350075928316 0.7 24.915021025546924
153 0.26146116852760315 1.0 27.09546948203971 0.6566666666666667 18.877534845426553 0.71 24.87923214369658
154 0.26035910844802856 1.0 27.083066472975062 0.64 18.872676473223166 0.7133333333333334 24.814682227075664
155 0.2587081491947174 1.0 27.08961263697516 0.6566666666666667 18.86868230226536 0.71 24.836874522983674
156 0.2588368058204651 1.0 27.08070564752734 0.6599999999999999 18.87021771788951 0.7066666666666667 24.823306918950347
157 0.25835710763931274 1.0 27.075789532604958 0.6466666666666667 18.867839316589937 0.7133333333333334 24.82248054120509
158 0.2584016025066376 1.0 27.066334856212748 0.6466666666666667 18.858317909672866 0.71 24.811955825311628
159 0.25801995396614075 1.0 27.06252062792141 0.6599999999999999 18.866381246512447 0.7033333333333334 24.779525599058935
160 0.261773943901062 1.0 27.05745354803846 0.6633333333333333 18.861997188221384 0.7066666666666667 24.773081787750098
161 0.2579062879085541 1.0 27.051377249925203 0.6599999999999999 18.857836430071174 0.7166666666666667 24.754631231855452
162 0.2574421465396881 1.0 27.05020499483906 0.6666666666666667 18.862274204716645 0.7233333333333334 24.77051183693458
163 0.25785568356513977 1.0 27.03283446076732 0.6699999999999999 18.874508562938225 0.71 24.745234259306585
164 0.2578773498535156 1.0 27.031422996669914 0.6633333333333333 18.85538904091314 0.72 24.71641423796234
165 0.25781717896461487 1.0 27.02279211047553 0.6733333333333333 18.87453102311572 0.71 24.74470890392636
166 0.2572579085826874 1.0 27.019209147931665 0.6733333333333333 18.858068328057527 0.7133333333333334 24.736725808876145
167 0.25880172848701477 1.0 27.01025502951845 0.6666666666666667 18.855315117233886 0.72 24.702514670254093
168 0.2579115927219391 1.0 27.008991117045674 0.6633333333333333 18.86728002993014 0.72 24.733111283868755
169 0.25624221563339233 1.0 27.006156865718623 0.6566666666666667 18.851872552718877 0.72 24.69506872121702
170 0.2562565505504608 1.0 27.005498630824608 0.6766666666666667 18.85238353143801 0.71 24.721858665080156
171 0.2567353844642639 1.0 26.999555204467356 0.6566666666666667 18.850125425587304 0.71 24.71358677546504
172 0.257878839969635 1.0 27.001311125487412 0.6699999999999999 18.85511631915089 0.7133333333333334 24.724823211976165
173 0.25496602058410645 1.0 26.984872723377006 0.6766666666666667 18.86582092072842 0.7166666666666667 24.672119562172306
174 0.25702422857284546 1.0 26.971134475119598 0.6699999999999999 18.857704511242417 0.72 24.68175287618493
175 0.25604328513145447 1.0 26.96808371318029 0.6766666666666667 18.848341575208135 0.71 24.705792517866204
176 0.25768613815307617 1.0 26.97348158845594 0.6766666666666667 18.853988702207587 0.72 24.65171162961113
177 0.25555142760276794 1.0 26.970273492937253 0.6699999999999999 18.844676904734968 0.72 24.674157815383513
178 0.2562268376350403 1.0 26.95993103707114 0.6733333333333333 18.864306501509695 0.7233333333333334 24.58577054164053
179 0.2565476894378662 1.0 26.963938134325097 0.6566666666666667 18.841542007750366 0.7233333333333334 24.68122433035761
180 0.2571299076080322 1.0 26.9605484815829 0.6633333333333333 18.851999567566754 0.7133333333333334 24.66629578843731
181 0.2571026682853699 1.0 26.948108964281126 0.6699999999999999 18.847943877916975 0.7166666666666667 24.62552294782119
182 0.2553168535232544 1.0 26.941657528504447 0.6599999999999999 18.83836994958458 0.71 24.630295057509443
183 0.25540268421173096 1.0 26.937365441646133 0.6766666666666667 18.82340410608202 0.7133333333333334 24.643164982386565
184 0.2542315125465393 1.0 26.931536888662897 0.6733333333333333 18.844605026862745 0.7133333333333334 24.58592060320626
185 0.2550997734069824 1.0 26.9481542066544 0.69 18.843057741424715 0.7133333333333334 24.670586883860018
186 0.2531980872154236 1.0 26.92507705654745 0.6566666666666667 18.837906866342337 0.7133333333333334 24.545492887750747
187 0.25387847423553467 1.0 26.930916423138804 0.6666666666666667 18.83032163803388 0.7233333333333334 24.558452011824876
188 0.2552829682826996 1.0 26.926792863886035 0.6799999999999999 18.844642063440833 0.7233333333333334 24.62410144882023
189 0.25578123331069946 1.0 26.919948421300617 0.6533333333333333 18.84303419009817 0.72 24.612621559544962
190 0.2545784115791321 1.0 26.908758239543346 0.6699999999999999 18.846517903538526 0.72 24.556006434118977
191 0.256393700838089 1.0 26.917355809575856 0.6533333333333333 18.84296034783865 0.72 24.597999389369065
192 0.25592100620269775 1.0 26.91348706328396 0.6733333333333333 18.84369835720293 0.7166666666666667 24.542641690947363
193 0.25422972440719604 1.0 26.913191644496468 0.6699999999999999 18.845026173093476 0.7266666666666667 24.570981233538234
194 0.2539626359939575 1.0 26.907922438534996 0.6666666666666667 18.825433401773697 0.7266666666666667 24.537691953873267
195 0.25291287899017334 1.0 26.909560912648473 0.6699999999999999 18.838717669979886 0.7233333333333334 24.544315033683617
196 0.2545635402202606 1.0 26.9106514478639 0.6799999999999999 18.845203594881383 0.7133333333333334 24.567052108631565
197 0.255283921957016 1.0 26.896197371490548 0.6733333333333333 18.84893927725582 0.7233333333333334 24.5595032486704
198 0.25394660234451294 1.0 26.89323555390365 0.6633333333333333 18.838058625455922 0.71 24.55109154487157
199 0.2528280019760132 1.0 26.884290060763103 0.6666666666666667 18.841612907312864 0.72 24.553352458227312
200 0.2521842420101166 1.0 26.874310353866516 0.6733333333333333 18.828499766764267 0.7133333333333334 24.536824248946935
201 0.25224846601486206 1.0 26.87101666947294 0.6733333333333333 18.84027675089043 0.7166666666666667 24.541858613666662
202 0.25382962822914124 1.0 26.854012168837713 0.6799999999999999 18.830538054895285 0.7233333333333334 24.511276637850386
203 0.2540115714073181 1.0 26.851322646097444 0.6599999999999999 18.841000160706244 0.7166666666666667 24.534176937113934
204 0.2536162734031677 1.0 26.84964475372054 0.6599999999999999 18.8316290816424 0.7066666666666667 24.513330878251832
205 0.2527802586555481 1.0 26.845449626083273 0.6799999999999999 18.830986946434905 0.72 24.48862885168529
206 0.25277242064476013 1.0 26.83528574121521 0.6699999999999999 18.826553990447294 0.72 24.506470637743952
207 0.2536158263683319 1.0 26.826812676239975 0.6599999999999999 18.829682590494464 0.7166666666666667 24.46065588429015
208 0.2527305483818054 1.0 26.828060933994742 0.6766666666666667 18.824889030661375 0.7266666666666667 24.491103161971807
209 0.2539965808391571 1.0 26.820006254390606 0.6599999999999999 18.821369049205035 0.7266666666666667 24.47693356223112
210 0.2523372769355774 1.0 26.819731378407525 0.6699999999999999 18.83304780805038 0.72 24.47624829914612
211 0.2531861364841461 1.0 26.814231452680364 0.6699999999999999 18.819641887987228 0.7166666666666667 24.47273739634273
212 0.25206512212753296 1.0 26.803462632646095 0.6733333333333333 18.81676036916369 0.7166666666666667 24.46145472397737
213 0.25435173511505127 1.0 26.79012278348818 0.6599999999999999 18.827403983775245 0.73 24.45661282025455
214 0.2523605227470398 1.0 26.785043891769476 0.6599999999999999 18.819015968482333 0.72 24.435446712447977
215 0.25254350900650024 1.0 26.77813539919704 0.6733333333333333 18.82228424382467 0.72 24.413430432656114
216 0.25157228112220764 1.0 26.77190968923008 0.6599999999999999 18.813930447185104 0.7166666666666667 24.42820562920656
217 0.25103914737701416 1.0 26.77298789313225 0.6866666666666666 18.830037578271817 0.7233333333333334 24.42986075221278
218 0.25179538130760193 1.0 26.757819004012667 0.6833333333333333 18.825609027975716 0.72 24.420017639088954
219 0.25128909945487976 1.0 26.750213226815696 0.6766666666666667 18.829371054183007 0.7133333333333334 24.376653884404863
220 0.2510641813278198 1.0 26.756379352918145 0.6733333333333333 18.835248754421464 0.7266666666666667 24.424255176581138
221 0.25068676471710205 1.0 26.746527426750344 0.6599999999999999 18.81957236821932 0.7266666666666667 24.396807435230873
222 0.2501838207244873 1.0 26.746663487291098 0.6733333333333333 18.82050095178054 0.7233333333333334 24.367627883132606
223 0.2509838938713074 1.0 26.7504148150498 0.6633333333333333 18.82977375278761 0.7333333333333334 24.370684047115937
224 0.25102636218070984 1.0 26.73687959409325 0.6699999999999999 18.832292712098248 0.7266666666666667 24.365163032835166
225 0.2500269412994385 1.0 26.73801263465352 0.6766666666666667 18.818531439447657 0.7166666666666667 24.393211852960267
226 0.250908762216568 1.0 26.727433871786133 0.6633333333333333 18.83461325714958 0.73 24.354255602175307
227 0.250131219625473 1.0 26.728647840673048 0.6866666666666666 18.827489111926155 0.7266666666666667 24.362328971761073
228 0.25000810623168945 1.0 26.72215165901614 0.6699999999999999 18.81792197872086 0.7266666666666667 24.345463603624268
229 0.24965456128120422 1.0 26.71438246455051 0.69 18.81459164368969 0.7266666666666667 24.35865473270015
230 0.2500026226043701 1.0 26.712991029557323 0.6866666666666666 18.820700636028246 0.73 24.34381731005344
231 0.2503817081451416 1.0 26.71136449147283 0.6633333333333333 18.822976055865055 0.7266666666666667 24.353039093588823
232 0.24945445358753204 1.0 26.717882789873272 0.6766666666666667 18.813796974572778 0.72 24.3565250805704
233 0.24806292355060577 1.0 26.704813268657993 0.6833333333333333 18.817512169229445 0.72 24.403704939281788
234 0.25004875659942627 1.0 26.685984726622387 0.6799999999999999 18.808980198704226 0.7266666666666667 24.336696687393168
235 0.2490464597940445 1.0 26.68086142029622 0.6633333333333333 18.81380192762075 0.7333333333333334 24.320443726932535
236 0.2514287531375885 1.0 26.68683749284497 0.6633333333333333 18.8076401860757 0.72 24.333361674736107
237 0.24912723898887634 1.0 26.68260934531321 0.6699999999999999 18.80098833540819 0.7333333333333334 24.35232057337888
238 0.24796438217163086 1.0 26.676870586863135 0.6799999999999999 18.801231201153144 0.7266666666666667 24.31384630558522
239 0.24864861369132996 1.0 26.677217760178415 0.6866666666666666 18.807116203130647 0.7266666666666667 24.331521072988338
240 0.24963636696338654 1.0 26.67516144966848 0.6599999999999999 18.811072207073078 0.73 24.292647548464178
241 0.24879929423332214 1.0 26.664171619597496 0.6699999999999999 18.81460594695806 0.7233333333333334 24.295430211645964
242 0.24849949777126312 1.0 26.657787773428318 0.6799999999999999 18.805312438765394 0.73 24.255370713370922
243 0.2479141354560852 1.0 26.66245300775728 0.6666666666666667 18.800041230683664 0.7366666666666667 24.3284165565268
244 0.2478320598602295 1.0 26.66672795012646 0.6833333333333333 18.811042842583273 0.7333333333333334 24.308305499939458
245 0.24985288083553314 1.0 26.665509103606986 0.6766666666666667 18.804638444201718 0.7166666666666667 24.319971471300722
246 0.2480863332748413 1.0 26.650791456311396 0.6733333333333333 18.80666225464993 0.73 24.273919464422455
247 0.24694044888019562 1.0 26.64763820448907 0.6733333333333333 18.79436629603773 0.7333333333333334 24.276206371814784
248 0.24961835145950317 1.0 26.652883610113115 0.6733333333333333 18.80000490323731 0.7266666666666667 24.229631205653842
249 0.24724605679512024 1.0 26.64578846219374 0.6933333333333334 18.81164127083878 0.7333333333333334 24.243780880093194
250 0.24924062192440033 1.0 26.653725509719134 0.6733333333333333 18.8150877300809 0.7266666666666667 24.320434968294418
251 0.24881978332996368 1.0 26.643872549959333 0.6666666666666667 18.817467798030066 0.7333333333333334 24.27519690393237
252 0.24805107712745667 1.0 26.63755158445006 0.6766666666666667 18.812915909117933 0.7266666666666667 24.309117593411003
253 0.24621519446372986 1.0 26.62367185581847 0.6699999999999999 18.814365846170066 0.7333333333333334 24.27764434293092
254 0.24853697419166565 1.0 26.631380935593544 0.6699999999999999 18.806048204830713 0.7233333333333334 24.282465068362864
255 0.24695342779159546 1.0 26.62031790316908 0.6766666666666667 18.805823561634355 0.7333333333333334 24.27651561019168
256 0.24831713736057281 1.0 26.611266166888655 0.6633333333333333 18.80519398063068 0.73 24.21350444064117
257 0.24712103605270386 1.0 26.61401518904694 0.6766666666666667 18.80166325841963 0.73 24.24166148700023
258 0.24778753519058228 1.0 26.61836566584419 0.6733333333333333 18.80523475818791 0.7366666666666667 24.306268569003077
259 0.24799467623233795 1.0 26.607942193730718 0.6666666666666667 18.80454166206523 0.7233333333333334 24.22458223226224
260 0.2476527839899063 1.0 26.612441873732898 0.6766666666666667 18.799756152131536 0.7366666666666667 24.23579141489794
261 0.24676592648029327 1.0 26.605159350042875 0.6866666666666666 18.797849736456843 0.7366666666666667 24.228091794559123
262 0.2459309697151184 1.0 26.60822627734818 0.6733333333333333 18.795262858325984 0.7333333333333334 24.235483864764102
263 0.2497028410434723 1.0 26.601981169812376 0.6766666666666667 18.803510481070198 0.73 24.24144075246978
264 0.24674932658672333 1.0 26.5936518047998 0.6699999999999999 18.80501389461957 0.7333333333333334 24.229704726469645
265 0.24704709649085999 1.0 26.59199326326231 0.6966666666666667 18.797036868783547 0.7366666666666667 24.263755798012166
266 0.24595573544502258 1.0 26.58431670799783 0.6866666666666666 18.8039682658423 0.7433333333333334 24.22259392613696
267 0.24647244811058044 1.0 26.581497153145488 0.6799999999999999 18.80153771168359 0.7333333333333334 24.24601853998336
268 0.2465517371892929 1.0 26.581726955728232 0.6733333333333333 18.794701552509714 0.7333333333333334 24.24226558647146
269 0.24666209518909454 1.0 26.57041143166172 0.6933333333333334 18.80424756535193 0.73 24.190786717579353
270 0.249131441116333 1.0 26.575639855943383 0.6666666666666667 18.806088473820402 0.7366666666666667 24.209490869116088
271 0.24757060408592224 1.0 26.56803390277809 0.6766666666666667 18.79563205808952 0.7333333333333334 24.22934038786337
272 0.24844232201576233 1.0 26.564458320659025 0.6799999999999999 18.794817422786878 0.7333333333333334 24.203957535978905
273 0.24673311412334442 1.0 26.571578853106608 0.6733333333333333 18.79960328286301 0.7333333333333334 24.25491409373165
274 0.24622316658496857 1.0 26.560803546591604 0.6766666666666667 18.808552734184374 0.7266666666666667 24.21113932981051
275 0.2469320297241211 1.0 26.559729720998114 0.6699999999999999 18.80673168628834 0.7266666666666667 24.172480533119245
276 0.24457357823848724 1.0 26.560884503105584 0.6799999999999999 18.80499300925489 0.7366666666666667 24.19819050731825
277 0.24616241455078125 1.0 26.55829618238975 0.6799999999999999 18.79238547463878 0.7366666666666667 24.158876100331316
278 0.24579770863056183 1.0 26.575066013047124 0.6799999999999999 18.795579842475494 0.7333333333333334 24.209574238122656
279 0.24468252062797546 1.0 26.561837557417004 0.6866666666666666 18.795989904651965 0.74 24.158963974366984
280 0.24497736990451813 1.0 26.57091090348716 0.6866666666666666 18.804009822775797 0.7333333333333334 24.20427270632098
281 0.24534103274345398 1.0 26.565182892198685 0.6766666666666667 18.79257450669077 0.7333333333333334 24.17231520804655
282 0.24603179097175598 1.0 26.564824448397594 0.6633333333333333 18.799415712091662 0.7333333333333334 24.207405544538183
283 0.24550218880176544 1.0 26.560339303159974 0.6966666666666667 18.78857944687995 0.7366666666666667 24.193587455013702
284 0.2466413378715515 1.0 26.556233381964564 0.6799999999999999 18.797637779025546 0.7333333333333334 24.197721745193952
285 0.24646613001823425 1.0 26.550526290716725 0.6766666666666667 18.79963328196657 0.7366666666666667 24.175880873673673
286 0.246180459856987 1.0 26.552084302764847 0.69 18.78870992075772 0.7333333333333334 24.154043354419183
287 0.24780882894992828 1.0 26.54695536687505 0.6766666666666667 18.796118405956605 0.7366666666666667 24.208493096471177
288 0.2460276335477829 1.0 26.537461637699344 0.6566666666666667 18.788979995291825 0.7366666666666667 24.145398820763013
289 0.24672573804855347 1.0 26.535875658932348 0.6799999999999999 18.796270607628433 0.7333333333333334 24.160219808260276
290 0.24597832560539246 1.0 26.532295051997174 0.6766666666666667 18.793058505850635 0.74 24.15853486797571
291 0.24433651566505432 1.0 26.532279830712543 0.6866666666666666 18.799742237478135 0.7366666666666667 24.165988289051285
292 0.24641941487789154 1.0 26.53228596520984 0.6833333333333333 18.79178848461065 0.7433333333333334 24.162707687450645
293 0.24688675999641418 1.0 26.541812735878235 0.6666666666666667 18.802799481883635 0.7366666666666667 24.17074839322895
294 0.24518446624279022 1.0 26.539448905220887 0.6933333333333334 18.78854073656121 0.73 24.146116668498628
295 0.24369660019874573 1.0 26.533857831979315 0.6766666666666667 18.801805290461562 0.74 24.19199853070889
296 0.24643240869045258 1.0 26.52467950844464 0.6733333333333333 18.79375771601936 0.7333333333333334 24.178318747766617
297 0.24488432705402374 1.0 26.515757794686962 0.6833333333333333 18.797216551212973 0.74 24.100289058195056
298 0.24416176974773407 1.0 26.520484574051157 0.6799999999999999 18.79581765981394 0.7333333333333334 24.156361104251204
299 0.24689805507659912 1.0 26.515989246118018 0.6733333333333333 18.795739910447256 0.7366666666666667 24.115185874074108
cur idx:  0
For watermark, PSNR: 26.528823009406295 SSIM: 0.95385855 LPIPS: 0.187258 ACC: 1.0
For attacks, PSNR: 26.593436530351042 SSIM: 0.95400643 LPIPS: 0.18691328 ACC: 0.8066666666666666
0 0.3495848774909973 0.95 31.642613843769794 0.4733333333333334 18.149843306620745 0.4966666666666667 28.717820788910537
1 0.34257757663726807 0.9933333333333333 31.47721651092705 0.47 18.135475716197163 0.4966666666666667 28.764159773798387
2 0.3430202901363373 1.0 31.397187438192383 0.47 18.155272461537066 0.5033333333333334 28.76479932211695
3 0.33994269371032715 1.0 31.367718380810512 0.4766666666666667 18.155089208267952 0.51 28.7838008725187
4 0.33615928888320923 1.0 31.35834020123097 0.4766666666666667 18.142807925334527 0.5133333333333333 28.74904741919088
5 0.3365267217159271 1.0 31.333201338894312 0.49 18.147880586734285 0.5133333333333333 28.749108668909777
6 0.333307683467865 1.0 31.324260282110544 0.4833333333333333 18.147975246533107 0.5166666666666666 28.75972983738796
7 0.332461953163147 1.0 31.292045633581584 0.4833333333333333 18.135310449984114 0.5166666666666666 28.745601815337256
8 0.33355602622032166 1.0 31.238285701061116 0.5166666666666666 18.14058377969452 0.52 28.754025818397327
9 0.32945501804351807 1.0 31.205491023834142 0.5033333333333334 18.12801382379894 0.5233333333333333 28.726021671212045
10 0.32931074500083923 1.0 31.14451708713991 0.51 18.134638183799048 0.52 28.674288740152484
11 0.3296792805194855 1.0 31.09098553106073 0.5066666666666666 18.135173202076768 0.5266666666666666 28.660591719743177
12 0.3275175392627716 1.0 31.03397844054969 0.5033333333333334 18.13482541099345 0.5266666666666666 28.667438222310068
13 0.32533419132232666 1.0 30.99790427873468 0.5133333333333333 18.135734738415067 0.5333333333333333 28.585874217059263
14 0.325496643781662 1.0 30.930829040085396 0.5133333333333333 18.134942871265864 0.5433333333333333 28.575837604478483
15 0.3255978226661682 1.0 30.86612190204978 0.5066666666666666 18.129090701583362 0.5366666666666666 28.52181468008527
16 0.3230285346508026 1.0 30.824839402106413 0.5233333333333333 18.125334258116812 0.5433333333333333 28.51980019778338
17 0.32485297322273254 1.0 30.760441710498046 0.4966666666666667 18.11234265944155 0.5433333333333333 28.459082798498564
18 0.3231767416000366 1.0 30.69240438101947 0.5166666666666666 18.134358633922123 0.5466666666666666 28.46419744751456
19 0.3195090889930725 1.0 30.660294603986213 0.5333333333333333 18.109203495192965 0.5533333333333333 28.390339248359382
20 0.3204581141471863 1.0 30.6046213691477 0.5366666666666666 18.11713741969871 0.55 28.38617140294933
21 0.32142969965934753 1.0 30.535986878723598 0.53 18.11443796717143 0.5633333333333334 28.3637344787845
22 0.31951504945755005 1.0 30.490595609442238 0.5366666666666666 18.124060257424457 0.5566666666666666 28.312194410756458
23 0.31816163659095764 1.0 30.456902603694576 0.52 18.115259041570905 0.56 28.296768970869998
24 0.3181817829608917 1.0 30.382962754176287 0.52 18.101590122878438 0.5566666666666666 28.23856514228282
25 0.3176329731941223 1.0 30.35380156434025 0.5466666666666666 18.103461388261298 0.5700000000000001 28.22196111654155
26 0.31591472029685974 1.0 30.29097655246194 0.5466666666666666 18.102150078507528 0.5700000000000001 28.198062120499632
27 0.3154968023300171 1.0 30.273194600037336 0.5433333333333333 18.10449767394463 0.5733333333333333 28.10511817236581
28 0.31598278880119324 1.0 30.201061722473106 0.5366666666666666 18.10301749288669 0.5766666666666667 28.11449555693187
29 0.3144499659538269 1.0 30.166792210604587 0.55 18.09518365581799 0.5700000000000001 28.10218990578354
30 0.314607173204422 1.0 30.1139703253354 0.5333333333333333 18.106003079214357 0.5733333333333333 28.06507601160783
31 0.3136436939239502 1.0 30.080648313660156 0.5466666666666666 18.092177746399535 0.5800000000000001 28.042497950323586
32 0.31392964720726013 1.0 30.027280938260553 0.5566666666666666 18.08910540946833 0.5766666666666667 28.033124695495076
33 0.31243664026260376 1.0 29.99730273320423 0.5433333333333333 18.08160211385699 0.5800000000000001 28.00845395936627
34 0.3120787739753723 1.0 29.946598393769857 0.5433333333333333 18.091606784129645 0.5766666666666667 27.982011141616475
35 0.3106507360935211 1.0 29.90180872442768 0.5433333333333333 18.078316194199843 0.5800000000000001 27.94767811751577
36 0.30979156494140625 1.0 29.856104034200524 0.5566666666666666 18.090780051657784 0.5800000000000001 27.934422434872168
37 0.3094751536846161 1.0 29.830373037484637 0.5566666666666666 18.070673178150976 0.5866666666666667 27.856766320329463
38 0.3089367747306824 1.0 29.771642429719776 0.56 18.07748727004595 0.5766666666666667 27.823742063794622
39 0.30931201577186584 1.0 29.7520184510333 0.55 18.063712385726717 0.5833333333333333 27.798397390665592
40 0.3075822591781616 1.0 29.71108153624558 0.5666666666666667 18.07231658536184 0.5866666666666667 27.80751100762639
41 0.3084656596183777 1.0 29.67256515647187 0.5466666666666666 18.062646059566426 0.5800000000000001 27.722445648848417
42 0.30844661593437195 1.0 29.64181264201184 0.5666666666666667 18.06437479335646 0.5866666666666667 27.73071863383883
43 0.3074110448360443 1.0 29.606299142319493 0.5733333333333333 18.070317820340595 0.5866666666666667 27.722711102455136
44 0.3067033588886261 1.0 29.55409768116338 0.5700000000000001 18.061880333324982 0.5833333333333333 27.694221533211007
45 0.30492106080055237 1.0 29.53654902479183 0.5700000000000001 18.056457986366876 0.5833333333333333 27.681900457081063
46 0.30642595887184143 1.0 29.481377471139712 0.5466666666666666 18.06492742936109 0.5833333333333333 27.623888748408255
47 0.30451181530952454 1.0 29.4464194888793 0.5666666666666667 18.062079560338255 0.5900000000000001 27.630146697680964
48 0.3056959807872772 1.0 29.3788087537529 0.56 18.05675014427672 0.5900000000000001 27.60229392317139
49 0.30505943298339844 1.0 29.359018852588203 0.56 18.05599316802813 0.5866666666666667 27.588785240841787
50 0.304760217666626 1.0 29.319588471966544 0.55 18.051031765732326 0.5933333333333333 27.508016486911778
51 0.30210191011428833 1.0 29.288107505327396 0.5833333333333333 18.046668609719752 0.5933333333333333 27.54249229259607
52 0.3029186427593231 1.0 29.248764156241265 0.5700000000000001 18.05602540349542 0.5933333333333333 27.492799716326854
53 0.2998509705066681 1.0 29.217089514986753 0.5666666666666667 18.055464527325316 0.5966666666666667 27.480701625330084
54 0.30323225259780884 1.0 29.186456100795823 0.56 18.041761490077736 0.5966666666666667 27.416665118195876
55 0.30036261677742004 1.0 29.1563540396575 0.5833333333333333 18.041812878647406 0.5933333333333333 27.395441700721925
56 0.3023216426372528 1.0 29.11673728598568 0.5566666666666666 18.039033397992355 0.5966666666666667 27.363057765626515
57 0.30148571729660034 1.0 29.086541042212342 0.5800000000000001 18.0433591450192 0.5933333333333333 27.357535099616502
58 0.30045685172080994 1.0 29.056813455989467 0.5733333333333333 18.03443899999893 0.5933333333333333 27.359046951012978
59 0.30126479268074036 1.0 29.02559370448592 0.5700000000000001 18.039767811152046 0.5933333333333333 27.330573428524986
60 0.2996806800365448 1.0 28.994376351665778 0.5800000000000001 18.04132919493015 0.5966666666666667 27.29667640037318
61 0.2994135022163391 1.0 28.959128177257305 0.56 18.029399028773703 0.5900000000000001 27.30806343421467
62 0.30009299516677856 1.0 28.917497552529685 0.5766666666666667 18.028174405775815 0.6033333333333333 27.214620384519908
63 0.3004440367221832 1.0 28.895328014860404 0.5700000000000001 18.021274767523465 0.6 27.23887834425476
64 0.298430472612381 1.0 28.863628816143624 0.5766666666666667 18.025151505139338 0.6033333333333333 27.18637843182441
65 0.2998717129230499 1.0 28.840793967966043 0.56 18.03579558848125 0.6066666666666667 27.167328034441027
66 0.29748472571372986 1.0 28.799757975546385 0.5900000000000001 18.012821364398132 0.6033333333333333 27.15061789797158
67 0.29638388752937317 1.0 28.776257909792214 0.5800000000000001 18.024192211865074 0.61 27.09579835488157
68 0.2950214743614197 1.0 28.746461638796198 0.5800000000000001 18.01012831669411 0.6166666666666667 27.122272336345436
69 0.2960975766181946 1.0 28.719627106095118 0.5833333333333333 18.004337402628206 0.6133333333333333 27.088374049694846
70 0.2958376705646515 1.0 28.696203574435888 0.5700000000000001 18.008931057457545 0.6066666666666667 27.09875643173516
71 0.2963818907737732 1.0 28.661011293925096 0.5766666666666667 18.017011672309252 0.6033333333333333 27.03953460406579
72 0.2949276566505432 1.0 28.63527073473562 0.5766666666666667 18.015473198516375 0.6066666666666667 27.049339686286178
73 0.2938334345817566 1.0 28.616851793133073 0.5866666666666667 18.000122103095176 0.62 27.013683639058588
74 0.29412370920181274 1.0 28.586756647955333 0.5700000000000001 18.001715922354045 0.6233333333333333 27.02417560486625
75 0.29380783438682556 1.0 28.564388707891215 0.5900000000000001 17.997458671445585 0.6033333333333333 27.004319479721207
76 0.29276198148727417 1.0 28.53745697746302 0.6 17.99488811844077 0.6133333333333333 27.017220309117942
77 0.2926560342311859 1.0 28.50913334008184 0.6 18.006169596190293 0.6133333333333333 26.93107140723315
78 0.2925751209259033 1.0 28.486351947440856 0.5900000000000001 17.993473116396455 0.6233333333333333 26.884725067425187
79 0.29365038871765137 1.0 28.473882058806108 0.6133333333333333 17.996549816695296 0.62 26.934853777779914
80 0.29170849919319153 1.0 28.45153336455605 0.5800000000000001 17.995655743848168 0.6166666666666667 26.88944396060222
81 0.2915954291820526 1.0 28.425536873777865 0.5766666666666667 17.992938095408515 0.6133333333333333 26.8907952299063
82 0.29285210371017456 1.0 28.396000872229127 0.5666666666666667 17.991415354841035 0.6266666666666667 26.869549303061216
83 0.2906562387943268 1.0 28.3726642516773 0.5766666666666667 17.987252647332316 0.6133333333333333 26.827340093971262
84 0.2896153926849365 1.0 28.351821990893153 0.6033333333333333 17.988241213290603 0.6166666666666667 26.821836839946812
85 0.2916337847709656 1.0 28.33825076117749 0.5900000000000001 17.979132311492258 0.6266666666666667 26.8244393086735
86 0.2917233407497406 1.0 28.313824570936266 0.5766666666666667 17.98422313223979 0.6266666666666667 26.759925532562473
87 0.29034632444381714 1.0 28.291107478457086 0.5800000000000001 17.972537780661384 0.6333333333333333 26.780821587349784
88 0.2912476062774658 1.0 28.284882354485788 0.5766666666666667 17.984474471314456 0.6233333333333333 26.789475796984323
89 0.29024118185043335 1.0 28.260745598871427 0.5900000000000001 17.984413380595548 0.62 26.751881852672525
90 0.28932738304138184 1.0 28.242466371229348 0.5766666666666667 17.974225881754748 0.6233333333333333 26.73180274710486
91 0.2880464494228363 1.0 28.221779302875248 0.5666666666666667 17.963612775865784 0.6266666666666667 26.745244884226782
92 0.2893674373626709 1.0 28.206720063124003 0.5900000000000001 17.976009410186162 0.6233333333333333 26.70187461087462
93 0.28670936822891235 1.0 28.18371962452423 0.5833333333333333 17.983128151248884 0.6133333333333333 26.672030888802244
94 0.2872494161128998 1.0 28.16959773255742 0.6066666666666667 17.97505411472666 0.6133333333333333 26.671922925207625
95 0.2868575155735016 1.0 28.153739578543515 0.5666666666666667 17.973199533047797 0.6266666666666667 26.6809181675016
96 0.2881273925304413 1.0 28.141450767915934 0.5800000000000001 17.970948748702607 0.62 26.633399805898893
97 0.2864321172237396 1.0 28.12089071733341 0.5900000000000001 17.971555629982735 0.6266666666666667 26.62617956950566
98 0.28549739718437195 1.0 28.103649855137924 0.5966666666666667 17.965681946466812 0.6166666666666667 26.60697483067382
99 0.28599974513053894 1.0 28.092243570869222 0.6066666666666667 17.968062105259577 0.6233333333333333 26.656387775936135
100 0.28362521529197693 1.0 28.06905945047181 0.5933333333333333 17.973143320594616 0.6233333333333333 26.652705608562336
101 0.28465691208839417 1.0 28.0494221154353 0.5800000000000001 17.967171734050513 0.6233333333333333 26.6008761069397
102 0.28314408659935 1.0 28.030248356588796 0.5800000000000001 17.963621812729887 0.62 26.580682350491507
103 0.2850712835788727 1.0 28.028701296460184 0.5933333333333333 17.959237760378684 0.63 26.570134902584538
104 0.2845013737678528 1.0 28.006353438524304 0.5933333333333333 17.966027510083848 0.63 26.593412691378944
105 0.284668505191803 1.0 27.995599547489995 0.5733333333333333 17.956758385359574 0.6333333333333333 26.530474177678887
106 0.28388357162475586 1.0 27.98306987760288 0.5866666666666667 17.958313378130182 0.6266666666666667 26.535368656505174
107 0.28370121121406555 1.0 27.965183714660185 0.5766666666666667 17.95370114981333 0.6366666666666667 26.511976358663784
108 0.2848329544067383 1.0 27.95237419921579 0.5766666666666667 17.95545413084838 0.6333333333333333 26.47725260761449
109 0.28377601504325867 1.0 27.934090036514924 0.5833333333333333 17.955450666225303 0.6333333333333333 26.49741497619496
110 0.28282731771469116 1.0 27.921293700534026 0.5966666666666667 17.945240302608173 0.63 26.492788042788472
111 0.28187018632888794 1.0 27.91708628665845 0.5900000000000001 17.95086047427115 0.63 26.498418916841917
112 0.2857060134410858 1.0 27.89490169488043 0.5966666666666667 17.95349090993096 0.6366666666666667 26.499617784347368
113 0.284083753824234 1.0 27.88395642949967 0.5866666666666667 17.957993560343937 0.6366666666666667 26.473491587844794
114 0.28314369916915894 1.0 27.868181321130635 0.5866666666666667 17.954540466366886 0.6433333333333333 26.423589838301268
115 0.28137773275375366 1.0 27.868413330527186 0.5900000000000001 17.94575417856079 0.6333333333333333 26.42328693436378
116 0.28315046429634094 1.0 27.84448530187599 0.5800000000000001 17.94967241810638 0.6433333333333333 26.462911430079682
117 0.2805509567260742 1.0 27.833077790144195 0.6 17.958388035277512 0.64 26.42732930910448
118 0.28254231810569763 1.0 27.815049614924135 0.5900000000000001 17.947069676494365 0.6333333333333333 26.40506324503393
119 0.28030848503112793 1.0 27.808358812084457 0.6 17.953535541015583 0.6366666666666667 26.36070793882375
120 0.2801971435546875 1.0 27.792908893540634 0.61 17.952298040951437 0.65 26.392796483682584
121 0.28213024139404297 1.0 27.787504535881077 0.6 17.954614693496996 0.6433333333333333 26.372967793161152
122 0.27923306822776794 1.0 27.787563843503193 0.6033333333333333 17.953914757343448 0.64 26.417999571451638
123 0.2805339992046356 1.0 27.778827723515825 0.5866666666666667 17.942930875660945 0.6433333333333333 26.337564887466005
124 0.2815820276737213 1.0 27.766881746357 0.5866666666666667 17.941354259954068 0.65 26.37373065405603
125 0.27807101607322693 1.0 27.75191455161863 0.5833333333333333 17.942767224883003 0.6433333333333333 26.351314604402564
126 0.28108397126197815 1.0 27.742774187656977 0.5900000000000001 17.944251054898636 0.6433333333333333 26.367332408587284
127 0.2787187397480011 1.0 27.717586318656178 0.6 17.94032308211323 0.65 26.29469619781663
128 0.2795620560646057 1.0 27.71200214575796 0.5900000000000001 17.93185184240667 0.6466666666666667 26.321535646831865
129 0.27947375178337097 1.0 27.700757149540213 0.6 17.947437132933103 0.64 26.286944110296837
130 0.28003838658332825 1.0 27.69189531243004 0.6033333333333333 17.940451147824152 0.65 26.26228524696718
131 0.2773716449737549 1.0 27.687694036211546 0.6133333333333333 17.945069907798693 0.65 26.3195407969086
132 0.2768634259700775 1.0 27.671567558110937 0.5933333333333333 17.934958778383674 0.6466666666666667 26.264966981182223
133 0.27676376700401306 1.0 27.662973247842146 0.61 17.93671729654471 0.6533333333333333 26.267698131587295
134 0.27829280495643616 1.0 27.637861272397647 0.6 17.943194752951342 0.6566666666666667 26.24161723749785
135 0.2778327465057373 1.0 27.63732490172384 0.5966666666666667 17.93973711349024 0.6466666666666667 26.225876748325643
136 0.2747153043746948 1.0 27.622392426045703 0.5966666666666667 17.938368567262604 0.65 26.217795964812755
137 0.2779778242111206 1.0 27.630195730015235 0.5933333333333333 17.928191718612098 0.6533333333333333 26.2515368001011
138 0.2758037745952606 1.0 27.613044503263936 0.6033333333333333 17.929191505828005 0.6533333333333333 26.245585641326148
139 0.27567362785339355 1.0 27.612805806629616 0.6033333333333333 17.928202725794883 0.6566666666666667 26.209498564535618
140 0.27788665890693665 1.0 27.59440958294558 0.5900000000000001 17.925693583941616 0.6599999999999999 26.19804882270566
141 0.2753613591194153 1.0 27.591854580062 0.62 17.935752642155116 0.65 26.20613430471723
142 0.274902880191803 1.0 27.586644708165675 0.5866666666666667 17.913977911865594 0.6566666666666667 26.17124463207354
143 0.27604156732559204 1.0 27.558819895528977 0.6 17.91810997283219 0.6566666666666667 26.13745813931399
144 0.27495303750038147 1.0 27.553737360226485 0.6233333333333333 17.903772400834285 0.6533333333333333 26.185446365639486
145 0.27579671144485474 1.0 27.545452035345694 0.6133333333333333 17.91395624046897 0.6566666666666667 26.17862645493583
146 0.27480071783065796 1.0 27.537532808119312 0.61 17.918401243956858 0.6599999999999999 26.148024228955393
147 0.27747899293899536 1.0 27.5259959839541 0.5800000000000001 17.9279127142906 0.6633333333333333 26.11201303283036
148 0.27345213294029236 1.0 27.518649084869878 0.6066666666666667 17.909972660451384 0.6533333333333333 26.12294627479563
149 0.275120347738266 1.0 27.509555370946522 0.6066666666666667 17.914769158804383 0.6566666666666667 26.145578172031676
150 0.276265412569046 1.0 27.493572421854665 0.61 17.914542675798224 0.6633333333333333 26.118222655428504
151 0.2738001048564911 1.0 27.493975080284333 0.6 17.906048970885596 0.6599999999999999 26.09844105890728
152 0.2743605971336365 1.0 27.48027344960405 0.6033333333333333 17.912890086930883 0.6533333333333333 26.070436582275466
153 0.2728860080242157 1.0 27.481955362614773 0.6066666666666667 17.896560103751014 0.6599999999999999 26.18442119714333
154 0.27220186591148376 1.0 27.460552834418706 0.6133333333333333 17.915575728580905 0.6633333333333333 26.124395534718413
155 0.27378135919570923 1.0 27.454614342059127 0.5833333333333333 17.90901552370378 0.6633333333333333 26.11618141553822
156 0.2731721103191376 1.0 27.43909063000701 0.61 17.90723493699926 0.6599999999999999 26.038434168108854
157 0.27280333638191223 1.0 27.437081860199797 0.6166666666666667 17.90980048767172 0.6633333333333333 26.105105384568567
158 0.2732330560684204 1.0 27.424127804720552 0.6166666666666667 17.91277429295157 0.6633333333333333 26.07308149239772
159 0.27160656452178955 1.0 27.42438800199558 0.6133333333333333 17.89529559133197 0.6666666666666667 26.009858940323056
160 0.27279168367385864 1.0 27.41473029230217 0.6233333333333333 17.905985816226153 0.6666666666666667 26.06858705025781
161 0.27248048782348633 1.0 27.405383557969433 0.63 17.90193508592144 0.6699999999999999 26.044086991725838
162 0.2726946473121643 1.0 27.395872250582173 0.6033333333333333 17.898217636410028 0.6666666666666667 26.05242354625387
163 0.2730483114719391 1.0 27.38774081247831 0.5966666666666667 17.897770669800245 0.6633333333333333 26.01401007381614
164 0.2720983028411865 1.0 27.372738370962587 0.6333333333333333 17.894709184008025 0.6699999999999999 25.98714541859259
165 0.2717010974884033 1.0 27.36691055743162 0.5900000000000001 17.902947610497325 0.6599999999999999 26.044701821218027
166 0.27145496010780334 1.0 27.356613625067435 0.62 17.914414839066037 0.6599999999999999 26.007906339605746
167 0.2701079845428467 1.0 27.350068732371682 0.61 17.900513485599404 0.6733333333333333 25.99190367171865
168 0.2726282477378845 1.0 27.347590884405186 0.6166666666666667 17.90674343317649 0.6633333333333333 26.025319348292353
169 0.2704216539859772 1.0 27.337553272623833 0.6166666666666667 17.90024602730962 0.6699999999999999 25.96360176734622
170 0.27087143063545227 1.0 27.337729581559536 0.6 17.89480013765629 0.6633333333333333 25.979203334258763
171 0.2695876657962799 1.0 27.334501754583233 0.61 17.897312449120626 0.6666666666666667 26.017167515905292
172 0.271711528301239 1.0 27.314050663984844 0.5966666666666667 17.899007369914198 0.6666666666666667 26.001570657031042
173 0.26912376284599304 1.0 27.305127426808973 0.63 17.898227109369177 0.6733333333333333 25.947076547872058
174 0.269904226064682 1.0 27.29562540360869 0.6066666666666667 17.882934850943144 0.6733333333333333 25.962638472755245
175 0.27098172903060913 1.0 27.288345256663156 0.6033333333333333 17.88696504753499 0.6666666666666667 25.976845722972094
176 0.2688326835632324 1.0 27.27250485618312 0.6233333333333333 17.894427154508183 0.6766666666666667 25.916171791410136
177 0.2700803875923157 1.0 27.28096807800274 0.5933333333333333 17.901502763964228 0.6766666666666667 25.964840784764537
178 0.268034428358078 1.0 27.254103665340452 0.61 17.885808924885843 0.6799999999999999 25.9151490519196
179 0.26930031180381775 1.0 27.252148642149237 0.5966666666666667 17.88914263813384 0.6699999999999999 25.948702222194655
180 0.268100380897522 1.0 27.23626603971578 0.6133333333333333 17.88653896520549 0.6733333333333333 25.82959392902601
181 0.27084988355636597 1.0 27.237108364137107 0.61 17.879368920072125 0.6766666666666667 25.864450742099283
182 0.2689327895641327 1.0 27.221056508954796 0.6266666666666667 17.88002830863403 0.6733333333333333 25.92308356355052
183 0.26842769980430603 1.0 27.21333012661622 0.6333333333333333 17.90009648515687 0.6699999999999999 25.8564238677919
184 0.26756080985069275 1.0 27.20754295067411 0.61 17.878960175319992 0.6799999999999999 25.8406448242485
185 0.2657337188720703 1.0 27.199078882896536 0.62 17.89365951948856 0.6733333333333333 25.861726073468105
186 0.2684701383113861 1.0 27.19900126908078 0.6166666666666667 17.88381161387617 0.6766666666666667 25.892421777287645
187 0.26831406354904175 1.0 27.18268850917471 0.62 17.902615793793174 0.6833333333333333 25.873620448226387
188 0.2668367624282837 1.0 27.18013586804682 0.63 17.900483010929808 0.6799999999999999 25.838872651375183
189 0.2658159136772156 1.0 27.16878957369161 0.6266666666666667 17.890615226570745 0.6833333333333333 25.84376994083779
190 0.2672065198421478 1.0 27.169281351570085 0.6366666666666667 17.89658401788453 0.6733333333333333 25.87965742234758
191 0.2674490213394165 1.0 27.14748361143977 0.6133333333333333 17.89938111834637 0.6733333333333333 25.8527357971081
192 0.26596665382385254 1.0 27.135376779681838 0.6166666666666667 17.899511956790416 0.6866666666666666 25.835674104045697
193 0.26742690801620483 1.0 27.135611703945234 0.5933333333333333 17.893926308414425 0.6799999999999999 25.773641303280307
194 0.2672981023788452 1.0 27.137637512759735 0.6133333333333333 17.887470763170693 0.6766666666666667 25.79975999158211
195 0.26735714077949524 1.0 27.14372211454837 0.6166666666666667 17.89469171700561 0.6833333333333333 25.79519480107688
196 0.26591983437538147 1.0 27.127828285727112 0.6166666666666667 17.897169366171156 0.6799999999999999 25.78911166570442
197 0.26522278785705566 1.0 27.130324508430242 0.61 17.887129847151336 0.6733333333333333 25.82907323197788
198 0.26646482944488525 1.0 27.11654323160522 0.6166666666666667 17.88025942648452 0.6799999999999999 25.80299894208029
199 0.2667286992073059 1.0 27.12297789042705 0.61 17.896528957459342 0.6866666666666666 25.798113496689048
200 0.2656925618648529 1.0 27.110400433818143 0.6366666666666667 17.888199754241562 0.6766666666666667 25.77917459251253
201 0.2650895416736603 1.0 27.099393478876298 0.63 17.886314392467884 0.6799999999999999 25.789745101819506
202 0.2666676640510559 1.0 27.08770038994992 0.6033333333333333 17.885817207529175 0.6933333333333334 25.782018208500098
203 0.266055166721344 1.0 27.08730367563039 0.61 17.87976988995194 0.6799999999999999 25.75516671391572
204 0.26305294036865234 1.0 27.079383534828697 0.62 17.878475718942568 0.6833333333333333 25.75540285349031
205 0.2653979957103729 1.0 27.065027799023103 0.6133333333333333 17.879751955680177 0.6833333333333333 25.755027874948965
206 0.26636072993278503 1.0 27.061503270049556 0.6166666666666667 17.885525889850708 0.6833333333333333 25.79436466944268
207 0.2649960219860077 1.0 27.04668806859052 0.6233333333333333 17.876672395030372 0.6799999999999999 25.710908996318228
208 0.265857070684433 1.0 27.04569886371911 0.6233333333333333 17.87551541155714 0.6866666666666666 25.759087886511686
209 0.26555687189102173 1.0 27.033840498193484 0.6166666666666667 17.887803401103056 0.6933333333333334 25.710293185995347
210 0.26362326741218567 1.0 27.034309193459627 0.63 17.871585519293948 0.6833333333333333 25.716751275708223
211 0.2653525173664093 1.0 27.02563825316648 0.62 17.87284200931783 0.6833333333333333 25.67638303360742
212 0.2633795738220215 1.0 27.027174860567076 0.63 17.876503599395576 0.7 25.640800302151558
213 0.26617658138275146 1.0 27.02404289612492 0.6066666666666667 17.87323725220564 0.69 25.69280840705669
214 0.2667311429977417 1.0 26.99959961671503 0.6 17.87235531853173 0.69 25.694647901261412
215 0.26228976249694824 1.0 27.000613857309318 0.6233333333333333 17.860564660278342 0.6866666666666666 25.676381791193933
216 0.2642914652824402 1.0 27.0102424602359 0.62 17.868516860435367 0.69 25.696050604676294
217 0.2648097574710846 1.0 26.99955016845101 0.6133333333333333 17.852765496919393 0.69 25.68228765223136
218 0.26346784830093384 1.0 26.998930691284684 0.62 17.86446933453744 0.69 25.650190445316476
219 0.2624974548816681 1.0 26.984926734053268 0.63 17.860548312312424 0.69 25.57803259287173
220 0.2642350494861603 1.0 26.982575077280686 0.6166666666666667 17.866213801573153 0.6933333333333334 25.694645735199757
221 0.26201149821281433 1.0 26.96338695103465 0.6433333333333333 17.86524640752805 0.6966666666666667 25.61000353711387
222 0.2623445391654968 1.0 26.961798864634517 0.6166666666666667 17.871132778877733 0.69 25.627116579025042
223 0.26174455881118774 1.0 26.950232221400817 0.6466666666666667 17.85790947198928 0.6966666666666667 25.629674943375047
224 0.26335132122039795 1.0 26.941755456060523 0.61 17.867355967655104 0.7 25.622245110350306
225 0.26092976331710815 1.0 26.93559856993315 0.63 17.86233318190844 0.69 25.63213472589174
226 0.2629375755786896 1.0 26.9181243304594 0.6233333333333333 17.860342727418185 0.7 25.664289826023733
227 0.26155316829681396 1.0 26.91298431809971 0.6133333333333333 17.86979105091414 0.7033333333333334 25.553793630288297
228 0.2605859637260437 1.0 26.906008601263242 0.6266666666666667 17.86315489702639 0.7033333333333334 25.54336271385074
229 0.2612840533256531 1.0 26.905041044949577 0.6366666666666667 17.860496597950537 0.7 25.584668947082303
230 0.2611566185951233 1.0 26.89247009424367 0.6333333333333333 17.849886531606373 0.6966666666666667 25.58981070097825
231 0.2626557946205139 1.0 26.884955558154697 0.6233333333333333 17.852249779155393 0.7033333333333334 25.552117648685986
232 0.2609998881816864 1.0 26.877340349051202 0.62 17.861838385912147 0.7066666666666667 25.50169273363884
233 0.2602598965167999 1.0 26.875514253183155 0.62 17.853114396082535 0.6933333333333334 25.597868010647638
234 0.2604343891143799 1.0 26.857948646161432 0.6266666666666667 17.862673976174467 0.7066666666666667 25.540040217112935
235 0.26065412163734436 1.0 26.86265487509402 0.6066666666666667 17.858819186454962 0.6866666666666666 25.564717228702737
236 0.2615197002887726 1.0 26.84866587973136 0.6333333333333333 17.86500591398063 0.7 25.534537238082006
237 0.2596130669116974 1.0 26.84806237249271 0.6266666666666667 17.858778932970548 0.7 25.492896989699855
238 0.2611120343208313 1.0 26.845737463598056 0.6266666666666667 17.850811876160062 0.7066666666666667 25.49967763056602
239 0.2625131607055664 1.0 26.85501506858463 0.6133333333333333 17.864090042272114 0.6966666666666667 25.536475112909883
240 0.26064807176589966 1.0 26.842114221918752 0.6266666666666667 17.851245002706946 0.6966666666666667 25.466155628371784
241 0.25914958119392395 1.0 26.833482926968344 0.6433333333333333 17.85627296700348 0.7 25.525170975079217
242 0.2590668797492981 1.0 26.822448244076334 0.64 17.851458592631985 0.71 25.473985860905234
243 0.26019927859306335 1.0 26.833828267549904 0.6233333333333333 17.845426300360362 0.7133333333333334 25.482980464137125
244 0.2596666216850281 1.0 26.8246447683127 0.6333333333333333 17.85403962577197 0.71 25.479378822911883
245 0.2578616142272949 1.0 26.817760546513036 0.6633333333333333 17.84452458361563 0.7033333333333334 25.488616141068064
246 0.25976189970970154 1.0 26.805681697891938 0.6233333333333333 17.854887785117025 0.7 25.43582913574356
247 0.2591345012187958 1.0 26.811210813405573 0.6233333333333333 17.856220222477468 0.7033333333333334 25.482958724373837
248 0.25864696502685547 1.0 26.794304068155444 0.6433333333333333 17.833677346285633 0.7066666666666667 25.49959754627968
249 0.2595479190349579 1.0 26.786015759723828 0.6166666666666667 17.84461828958583 0.7133333333333334 25.43737907000253
250 0.25710606575012207 1.0 26.789739269568187 0.6333333333333333 17.84766178913982 0.72 25.443702844082672
251 0.2580667734146118 1.0 26.785636394726758 0.6133333333333333 17.834247707210963 0.7133333333333334 25.434584765194717
252 0.2577529847621918 1.0 26.783362153407477 0.6366666666666667 17.846125556374794 0.71 25.40435952323458
253 0.25975310802459717 1.0 26.785950258456907 0.6133333333333333 17.840199396233167 0.7066666666666667 25.37644558884601
254 0.2566128969192505 1.0 26.776983060379802 0.6333333333333333 17.83024416585683 0.7166666666666667 25.405498847433297
255 0.256977379322052 1.0 26.78180129436881 0.64 17.83844457807795 0.71 25.436375270234038
256 0.25815996527671814 1.0 26.773617765444314 0.6333333333333333 17.83263555393721 0.7066666666666667 25.45099572399582
257 0.2582516074180603 1.0 26.763832195071874 0.6333333333333333 17.839122198291943 0.7066666666666667 25.417308188134392
258 0.2575216293334961 1.0 26.75715291257262 0.63 17.84895573610447 0.72 25.389969402135314
259 0.258529394865036 1.0 26.75672844705162 0.6266666666666667 17.842930692865707 0.71 25.36671618556784
260 0.25798213481903076 1.0 26.757216381054093 0.6433333333333333 17.841746593858193 0.7033333333333334 25.445358696432926
261 0.2572590112686157 1.0 26.74952379321772 0.6233333333333333 17.840204040471953 0.71 25.411627786514664
262 0.2576196491718292 1.0 26.736380257284566 0.6433333333333333 17.842784743896043 0.7066666666666667 25.374718642361923
263 0.2557866871356964 1.0 26.739160204021903 0.6366666666666667 17.833366446908855 0.7166666666666667 25.346028929177763
264 0.255749374628067 1.0 26.747746966339854 0.6433333333333333 17.82932463875076 0.7066666666666667 25.411701580446007
265 0.25650522112846375 1.0 26.72352548841268 0.6133333333333333 17.83504016469832 0.71 25.331059227878008
266 0.25679343938827515 1.0 26.715391782199166 0.6366666666666667 17.847924988568906 0.71 25.330335030410357
267 0.2557762861251831 1.0 26.710998928979613 0.6466666666666667 17.841301931542848 0.71 25.32611314743654
268 0.2557118833065033 1.0 26.69763750984928 0.6366666666666667 17.84052700369007 0.7133333333333334 25.339260688733056
269 0.2563655376434326 1.0 26.698565277084985 0.6433333333333333 17.82442373226583 0.71 25.347231977285997
270 0.256759375333786 1.0 26.68821020618121 0.63 17.846824964088754 0.7133333333333334 25.314655956543987
271 0.2561825215816498 1.0 26.69043878410259 0.62 17.836212859901075 0.7166666666666667 25.310057720931916
272 0.2562882900238037 1.0 26.68842528664272 0.6266666666666667 17.836216423036227 0.71 25.348573813046936
273 0.25468629598617554 1.0 26.678937146016352 0.6466666666666667 17.82855154404316 0.71 25.278476929913623
274 0.2562674582004547 1.0 26.68459131180811 0.6566666666666667 17.82415187791635 0.7133333333333334 25.29554377419221
275 0.25530537962913513 1.0 26.66956995875118 0.6366666666666667 17.830090759554043 0.71 25.297182854666257
276 0.25635433197021484 1.0 26.66788706501847 0.63 17.824447165899144 0.7233333333333334 25.3054172640895
277 0.2574221193790436 1.0 26.664276425242335 0.6333333333333333 17.819971602813997 0.71 25.310348856680967
278 0.2553243637084961 1.0 26.652797047693074 0.64 17.833916071078217 0.7166666666666667 25.23114147808494
279 0.25445541739463806 1.0 26.650506781028973 0.6433333333333333 17.833948846258533 0.7066666666666667 25.290691659508063
280 0.2574693262577057 1.0 26.645613324934587 0.6133333333333333 17.831771811766416 0.72 25.258537369933144
281 0.25492292642593384 1.0 26.63305116026022 0.6433333333333333 17.82666915632372 0.7166666666666667 25.24880719341448
282 0.2561147212982178 1.0 26.636807578548122 0.6333333333333333 17.827255515837635 0.7166666666666667 25.241453999179967
283 0.2548123300075531 1.0 26.63871732743944 0.6366666666666667 17.83431979517832 0.72 25.251396981152393
284 0.25354260206222534 1.0 26.638514755401186 0.6366666666666667 17.82170213732845 0.7166666666666667 25.279728050112894
285 0.2552231252193451 1.0 26.6340252124987 0.6433333333333333 17.823473938844213 0.7066666666666667 25.24122769372813
286 0.2554648518562317 1.0 26.629873525281642 0.6266666666666667 17.82826948431215 0.7166666666666667 25.27504108813219
287 0.2540953755378723 1.0 26.62493629303924 0.6533333333333333 17.827409852987323 0.71 25.25413049942302
288 0.2530858814716339 1.0 26.615760490906304 0.6466666666666667 17.83348226132994 0.7133333333333334 25.23881968292741
289 0.2540374994277954 1.0 26.6103733689527 0.65 17.818904978165598 0.7333333333333334 25.186084744150698
290 0.2552754878997803 1.0 26.611233785280902 0.64 17.822663608580267 0.7266666666666667 25.229895803033155
291 0.2545420527458191 1.0 26.60812024792831 0.65 17.81891656253269 0.71 25.21139970160177
292 0.2540697157382965 1.0 26.61035035794026 0.6599999999999999 17.830623891434367 0.73 25.18812026243761
293 0.25518351793289185 1.0 26.599594331739755 0.63 17.820834198446917 0.7233333333333334 25.197418876736183
294 0.25421348214149475 1.0 26.600191618738446 0.6366666666666667 17.821909995162187 0.7266666666666667 25.222313291718038
295 0.254246324300766 1.0 26.593623457755868 0.6433333333333333 17.816121749604154 0.7233333333333334 25.246011209825458
296 0.2556424140930176 1.0 26.58980005141162 0.6233333333333333 17.825857309588017 0.7233333333333334 25.12733645612295
297 0.2537240982055664 1.0 26.584497014549335 0.6533333333333333 17.825066146232516 0.71 25.197126426276615
298 0.25458842515945435 1.0 26.57594983274326 0.64 17.826173700960023 0.72 25.186882185507557
299 0.25257205963134766 1.0 26.56999970996854 0.6533333333333333 17.814900946406283 0.73 25.19102506649358
