Setting up [LPIPS] perceptual loss: trunk [vgg], v[0.1], spatial [off]
Loading model from: /home/cjh/anaconda3/lib/python3.11/site-packages/lpips/weights/v0.1/vgg.pth
Finished loading model
Diffuse attack initialized with noise step 6 and use prompt 0
method: wevade
0 0.34219929575920105 0.9866666666666667 31.15865783310758 0.5333333333333333 0.5266666666666666
1 0.3361518979072571 0.99 31.069390275240046 0.5266666666666666 0.5266666666666666
2 0.33491194248199463 0.9933333333333333 30.97233984823967 0.5333333333333333 0.53
3 0.3305128216743469 0.9966666666666667 30.882510154015172 0.53 0.5366666666666666
4 0.3277989327907562 1.0 30.796848061750815 0.5266666666666666 0.5233333333333333
5 0.32483038306236267 1.0 30.711235980207796 0.53 0.5266666666666666
6 0.31946784257888794 1.0 30.621719894639284 0.5166666666666666 0.54
7 0.31911957263946533 1.0 30.541450491081974 0.5233333333333333 0.5533333333333333
8 0.3163573145866394 1.0 30.462167528837032 0.5233333333333333 0.5333333333333333
9 0.31527960300445557 1.0 30.389563405943953 0.5233333333333333 0.5633333333333334
10 0.31365588307380676 1.0 30.31787132380755 0.5266666666666666 0.53
11 0.3134520947933197 1.0 30.239779481644014 0.5233333333333333 0.5466666666666666
12 0.3088444471359253 1.0 30.173910156535925 0.5466666666666666 0.55
13 0.3077349364757538 1.0 30.100067314053295 0.5133333333333333 0.5666666666666667
14 0.3073975145816803 1.0 30.032856103737913 0.5133333333333333 0.56
15 0.3061078190803528 1.0 29.960316328104568 0.54 0.5700000000000001
16 0.3034188449382782 1.0 29.8881341829766 0.5366666666666666 0.5800000000000001
17 0.30015668272972107 1.0 29.80938084044984 0.5166666666666666 0.5833333333333333
18 0.30072611570358276 1.0 29.75531489366684 0.5266666666666666 0.5900000000000001
19 0.29872673749923706 1.0 29.69395524442415 0.5266666666666666 0.5833333333333333
20 0.29867470264434814 1.0 29.63290499686204 0.5266666666666666 0.5700000000000001
21 0.2953740358352661 1.0 29.57453052826484 0.5233333333333333 0.5966666666666667
22 0.2948497533798218 1.0 29.518716268220906 0.53 0.6
23 0.2976032793521881 1.0 29.46157745614803 0.5233333333333333 0.6033333333333333
24 0.2928966283798218 1.0 29.407705322056685 0.5333333333333333 0.6
25 0.2925465404987335 1.0 29.355824126610116 0.54 0.5733333333333333
26 0.29557546973228455 1.0 29.29773705308515 0.5366666666666666 0.6
27 0.2990868091583252 1.0 29.25365747148848 0.51 0.5933333333333333
28 0.29482826590538025 1.0 29.218062127047524 0.5433333333333333 0.6033333333333333
29 0.2955222427845001 1.0 29.174717997095886 0.5233333333333333 0.6066666666666667
30 0.29362115263938904 1.0 29.12468939638176 0.55 0.5900000000000001
31 0.2922620177268982 1.0 29.07828139077032 0.5333333333333333 0.62
32 0.29207420349121094 1.0 29.031646523766454 0.55 0.6266666666666667
33 0.2886565327644348 1.0 28.994445908371866 0.55 0.63
34 0.292611688375473 1.0 28.959696213286104 0.5466666666666666 0.6166666666666667
35 0.2912815809249878 1.0 28.91394065965641 0.5433333333333333 0.63
36 0.2896440327167511 1.0 28.875030158717223 0.5333333333333333 0.6333333333333333
37 0.2909163534641266 1.0 28.839726288123057 0.5333333333333333 0.64
38 0.2879812717437744 1.0 28.809561334822792 0.5566666666666666 0.64
39 0.28785431385040283 1.0 28.775302636249435 0.5566666666666666 0.6333333333333333
40 0.2887231409549713 1.0 28.739237328412237 0.5433333333333333 0.64
41 0.2895522117614746 1.0 28.70470578408309 0.5366666666666666 0.6366666666666667
42 0.2891668379306793 1.0 28.67174857765416 0.5566666666666666 0.6466666666666667
43 0.2892286479473114 1.0 28.640612679469008 0.5433333333333333 0.6599999999999999
44 0.28998810052871704 1.0 28.603990811149504 0.5466666666666666 0.64
45 0.2902326285839081 1.0 28.574706456558417 0.54 0.6433333333333333
46 0.28723374009132385 1.0 28.544239466150422 0.5333333333333333 0.6633333333333333
47 0.28611207008361816 1.0 28.523818435027202 0.55 0.6433333333333333
48 0.2872423231601715 1.0 28.486912795016043 0.5366666666666666 0.6633333333333333
49 0.28962355852127075 1.0 28.46514207243083 0.5366666666666666 0.6333333333333333
50 0.28751176595687866 1.0 28.4410720146224 0.56 0.62
51 0.286194384098053 1.0 28.412604593915795 0.5466666666666666 0.6533333333333333
52 0.2871972918510437 1.0 28.393587832723156 0.54 0.6533333333333333
53 0.2875213623046875 1.0 28.369750965534294 0.55 0.6533333333333333
54 0.28235793113708496 1.0 28.350744683047022 0.5533333333333333 0.6566666666666667
55 0.28546807169914246 1.0 28.330862389194426 0.55 0.65
56 0.2856942415237427 1.0 28.30645567485655 0.54 0.6466666666666667
57 0.2862120568752289 1.0 28.285432763215105 0.55 0.6699999999999999
58 0.2865368723869324 1.0 28.255691240517223 0.56 0.6533333333333333
59 0.28662651777267456 1.0 28.23367407595382 0.5433333333333333 0.6633333333333333
60 0.28455138206481934 1.0 28.21509823941519 0.5533333333333333 0.65
61 0.28538477420806885 1.0 28.190930536870038 0.5533333333333333 0.6433333333333333
62 0.2842407524585724 1.0 28.16056828342115 0.54 0.6666666666666667
63 0.28543227910995483 1.0 28.144401860493918 0.5633333333333334 0.6666666666666667
64 0.2838379740715027 1.0 28.126837848973484 0.5466666666666666 0.65
65 0.28664281964302063 1.0 28.106412899299926 0.55 0.6699999999999999
66 0.28440093994140625 1.0 28.09920715009121 0.5333333333333333 0.6599999999999999
67 0.28469574451446533 1.0 28.07776992552258 0.55 0.6799999999999999
68 0.2808797061443329 1.0 28.055141435317058 0.5533333333333333 0.6666666666666667
69 0.28524333238601685 1.0 28.034418246751706 0.5566666666666666 0.6666666666666667
70 0.2827650010585785 1.0 28.025071822265165 0.54 0.6866666666666666
71 0.28430503606796265 1.0 28.018034878103073 0.5633333333333334 0.6866666666666666
72 0.2803613245487213 1.0 28.003401398584934 0.5800000000000001 0.6933333333333334
73 0.28578686714172363 1.0 27.986624272056268 0.5533333333333333 0.6533333333333333
74 0.28304770588874817 1.0 27.975990531813583 0.5633333333333334 0.6766666666666667
75 0.2812812626361847 1.0 27.958310452775162 0.5533333333333333 0.6699999999999999
76 0.28342825174331665 1.0 27.946937484495354 0.5700000000000001 0.6633333333333333
77 0.2804843485355377 1.0 27.93128433082631 0.5666666666666667 0.6933333333333334
78 0.279893159866333 1.0 27.91007807233251 0.5633333333333334 0.6799999999999999
79 0.28153079748153687 1.0 27.896434600574462 0.5566666666666666 0.6533333333333333
80 0.2806735932826996 1.0 27.874470040219066 0.55 0.7033333333333334
81 0.28088438510894775 1.0 27.872439156386697 0.56 0.6766666666666667
82 0.282673716545105 1.0 27.85819837244112 0.5566666666666666 0.6933333333333334
83 0.2808986008167267 1.0 27.843375251493914 0.5633333333333334 0.6866666666666666
84 0.28200647234916687 1.0 27.83141080562176 0.5666666666666667 0.6866666666666666
