Setting up [LPIPS] perceptual loss: trunk [vgg], v[0.1], spatial [off]
Loading model from: /home/cjh/anaconda3/lib/python3.11/site-packages/lpips/weights/v0.1/vgg.pth
Finished loading model
Diffuse attack initialized with noise step 6 and use prompt 0
method: wevade
0 0.348226934671402 0.9866666666666667 31.15865783310758 0.5366666666666666 0.51 0.5166666666666666
1 0.3393595218658447 1.0 31.160951359110207 0.5466666666666666 0.5266666666666666 0.52
2 0.33295008540153503 1.0 31.230739898933372 0.5366666666666666 0.52 0.5233333333333333
3 0.33018890023231506 1.0 31.288105102771482 0.56 0.53 0.5266666666666666
4 0.324089914560318 1.0 31.33733945072987 0.5700000000000001 0.53 0.5333333333333333
5 0.32152068614959717 1.0 31.33585594306058 0.5733333333333333 0.54 0.54
6 0.3188701570034027 1.0 31.339645738845586 0.5733333333333333 0.5366666666666666 0.54
7 0.31536704301834106 1.0 31.31512886643395 0.5800000000000001 0.5333333333333333 0.5466666666666666
8 0.3141317665576935 1.0 31.303450613946215 0.5866666666666667 0.5333333333333333 0.5433333333333333
9 0.3118238151073456 1.0 31.256753565578617 0.5933333333333333 0.54 0.5433333333333333
10 0.30907145142555237 1.0 31.22465069065855 0.5933333333333333 0.5366666666666666 0.5533333333333333
11 0.3072413206100464 1.0 31.17510341744228 0.6 0.5533333333333333 0.5566666666666666
12 0.30543214082717896 1.0 31.133297288419975 0.6133333333333333 0.54 0.56
13 0.30388298630714417 1.0 31.070675730362453 0.61 0.5666666666666667 0.56
14 0.30194708704948425 1.0 31.03028177985685 0.6166666666666667 0.5766666666666667 0.5566666666666666
15 0.30145272612571716 1.0 30.982696600580624 0.62 0.5533333333333333 0.56
16 0.29931434988975525 1.0 30.932780759360192 0.6366666666666667 0.5666666666666667 0.5666666666666667
17 0.2982344627380371 1.0 30.87073742469382 0.63 0.5700000000000001 0.5633333333333334
18 0.2969505488872528 1.0 30.835457558320535 0.63 0.5633333333333334 0.5800000000000001
19 0.29441526532173157 1.0 30.784650623219598 0.6366666666666667 0.5733333333333333 0.5733333333333333
20 0.29547592997550964 1.0 30.73543638094484 0.6366666666666667 0.5700000000000001 0.5733333333333333
21 0.2928960621356964 1.0 30.68859415883795 0.6366666666666667 0.6033333333333333 0.5766666666666667
22 0.29184919595718384 1.0 30.63729391909471 0.6366666666666667 0.5800000000000001 0.5800000000000001
23 0.2911314368247986 1.0 30.597013866162882 0.6466666666666667 0.5633333333333334 0.5933333333333333
24 0.2901008725166321 1.0 30.56340491187195 0.6366666666666667 0.5833333333333333 0.5866666666666667
25 0.2891494035720825 1.0 30.5132258652244 0.6533333333333333 0.5933333333333333 0.6
26 0.2875273823738098 1.0 30.489198119453206 0.6433333333333333 0.6033333333333333 0.5933333333333333
27 0.2878456115722656 1.0 30.43639491351466 0.6466666666666667 0.6 0.5966666666666667
28 0.2872827351093292 1.0 30.41399920265865 0.6533333333333333 0.5900000000000001 0.5900000000000001
29 0.2844043970108032 1.0 30.370378781602348 0.6533333333333333 0.5866666666666667 0.6
30 0.28452375531196594 1.0 30.34122991547656 0.6599999999999999 0.6 0.5966666666666667
31 0.28337863087654114 1.0 30.299905883582806 0.6666666666666667 0.5800000000000001 0.6
32 0.2827157974243164 1.0 30.27859995121359 0.6633333333333333 0.6 0.61
33 0.2822725772857666 1.0 30.236146478194815 0.6533333333333333 0.6066666666666667 0.5900000000000001
34 0.281907320022583 1.0 30.19957502207944 0.6666666666666667 0.61 0.6
35 0.28122347593307495 1.0 30.176753124259754 0.6699999999999999 0.6 0.61
36 0.2805040776729584 1.0 30.154663264711328 0.6733333333333333 0.6133333333333333 0.6066666666666667
37 0.28145158290863037 1.0 30.12668147357424 0.6733333333333333 0.6033333333333333 0.61
38 0.28079310059547424 1.0 30.108374532689147 0.6866666666666666 0.6033333333333333 0.6
39 0.2780103385448456 1.0 30.071284489184606 0.6833333333333333 0.6233333333333333 0.61
40 0.2782774865627289 1.0 30.049601315017583 0.6799999999999999 0.62 0.61
41 0.27843570709228516 1.0 30.031477134450355 0.6833333333333333 0.6166666666666667 0.6066666666666667
42 0.27629178762435913 1.0 30.012955727643064 0.6866666666666666 0.6366666666666667 0.61
43 0.27803295850753784 1.0 29.99130751033437 0.6933333333333334 0.61 0.61
44 0.2754879295825958 1.0 29.963578458783932 0.6933333333333334 0.61 0.6066666666666667
45 0.27612391114234924 1.0 29.941130914736462 0.7 0.62 0.6133333333333333
46 0.27557840943336487 1.0 29.90879794012482 0.6866666666666666 0.6166666666666667 0.6066666666666667
47 0.27350300550460815 1.0 29.897483501954433 0.6966666666666667 0.64 0.62
48 0.27585098147392273 1.0 29.887692136629624 0.7 0.62 0.61
49 0.27268388867378235 1.0 29.856149700721947 0.7033333333333334 0.6166666666666667 0.6133333333333333
50 0.27321961522102356 1.0 29.837776130078627 0.7066666666666667 0.6433333333333333 0.6166666666666667
51 0.2726965546607971 1.0 29.828685938255084 0.6966666666666667 0.6233333333333333 0.6166666666666667
52 0.2716446816921234 1.0 29.80749899228399 0.7033333333333334 0.63 0.6233333333333333
53 0.2717181444168091 1.0 29.79433241784177 0.7066666666666667 0.6433333333333333 0.61
54 0.2715734839439392 1.0 29.765522971575436 0.7033333333333334 0.6333333333333333 0.61
55 0.2717241942882538 1.0 29.75563944128393 0.71 0.6266666666666667 0.6166666666666667
56 0.2700038254261017 1.0 29.73604295560652 0.7033333333333334 0.6366666666666667 0.62
57 0.27047139406204224 1.0 29.718775820785382 0.7066666666666667 0.64 0.6133333333333333
58 0.2704619765281677 1.0 29.690178755138675 0.7033333333333334 0.6433333333333333 0.6233333333333333
59 0.2703436613082886 1.0 29.676372295355836 0.7166666666666667 0.6233333333333333 0.6133333333333333
60 0.2690047025680542 1.0 29.65271508980228 0.7133333333333334 0.6366666666666667 0.6066666666666667
61 0.26811888813972473 1.0 29.63452446371192 0.7133333333333334 0.6433333333333333 0.6066666666666667
62 0.26719197630882263 1.0 29.6258365431056 0.72 0.6266666666666667 0.6166666666666667
63 0.2678828239440918 1.0 29.617212407270955 0.7166666666666667 0.6366666666666667 0.6266666666666667
64 0.26804813742637634 1.0 29.59008225332797 0.72 0.6233333333333333 0.6366666666666667
65 0.2681256830692291 1.0 29.572886191730767 0.7266666666666667 0.6133333333333333 0.6133333333333333
66 0.26601356267929077 1.0 29.568145808625538 0.72 0.6366666666666667 0.62
67 0.26576662063598633 1.0 29.54551735312282 0.72 0.6166666666666667 0.6266666666666667
68 0.2654123902320862 1.0 29.541920770075368 0.72 0.6533333333333333 0.6166666666666667
69 0.26643016934394836 1.0 29.523319636611546 0.7166666666666667 0.6266666666666667 0.6266666666666667
70 0.2662647068500519 1.0 29.511582279307653 0.7133333333333334 0.6433333333333333 0.62
71 0.26409339904785156 1.0 29.488522739708486 0.72 0.6366666666666667 0.62
72 0.2646408677101135 1.0 29.488375605500412 0.7133333333333334 0.64 0.64
73 0.26303839683532715 1.0 29.468436680733994 0.73 0.6533333333333333 0.6233333333333333
74 0.2646256685256958 1.0 29.464648353167426 0.7266666666666667 0.6466666666666667 0.6266666666666667
75 0.2639249563217163 1.0 29.441476865414185 0.7266666666666667 0.65 0.6266666666666667
76 0.26490122079849243 1.0 29.437798643260958 0.73 0.6266666666666667 0.62
77 0.26251235604286194 1.0 29.41669784898017 0.7233333333333334 0.65 0.6266666666666667
78 0.2632797062397003 1.0 29.40810812182242 0.7266666666666667 0.6366666666666667 0.6266666666666667
79 0.2633761465549469 1.0 29.39802341341288 0.7233333333333334 0.64 0.6266666666666667
80 0.26331251859664917 1.0 29.387941711610395 0.73 0.6466666666666667 0.6233333333333333
81 0.26256686449050903 1.0 29.373469142383897 0.7333333333333334 0.64 0.6233333333333333
82 0.2625866234302521 1.0 29.36037910888735 0.7233333333333334 0.6633333333333333 0.6266666666666667
83 0.26160740852355957 1.0 29.344137348293124 0.73 0.6533333333333333 0.62
84 0.2622639238834381 1.0 29.335613958975173 0.72 0.64 0.6333333333333333
85 0.2625989019870758 1.0 29.333447234339253 0.7366666666666667 0.6333333333333333 0.63
86 0.2606651186943054 1.0 29.320513817853517 0.7333333333333334 0.6566666666666667 0.6333333333333333
87 0.260926216840744 1.0 29.319772225773974 0.7266666666666667 0.63 0.6233333333333333
88 0.2603689432144165 1.0 29.30194033277629 0.73 0.6533333333333333 0.6233333333333333
89 0.2614819407463074 1.0 29.294104882669167 0.7333333333333334 0.6366666666666667 0.6266666666666667
90 0.2589870095252991 1.0 29.27010329566077 0.7333333333333334 0.6599999999999999 0.63
91 0.2595851421356201 1.0 29.25803503844047 0.73 0.6466666666666667 0.6333333333333333
92 0.2593255043029785 1.0 29.261046039970683 0.7233333333333334 0.6599999999999999 0.62
93 0.2603970766067505 1.0 29.25828959687788 0.7333333333333334 0.65 0.6233333333333333
94 0.260712593793869 1.0 29.240066497461527 0.7333333333333334 0.64 0.6266666666666667
95 0.2598192095756531 1.0 29.211164288337606 0.73 0.6566666666666667 0.6266666666666667
96 0.260088175535202 1.0 29.213494882183003 0.7333333333333334 0.6599999999999999 0.6266666666666667
97 0.2588737905025482 1.0 29.202134003191745 0.7333333333333334 0.6533333333333333 0.6166666666666667
98 0.2577173411846161 1.0 29.19671327242375 0.7333333333333334 0.6466666666666667 0.6333333333333333
99 0.2579275071620941 1.0 29.184879716797436 0.7333333333333334 0.6699999999999999 0.6333333333333333
100 0.2577255070209503 1.0 29.18034355553427 0.73 0.6666666666666667 0.6366666666666667
101 0.25802040100097656 1.0 29.168507477621823 0.7333333333333334 0.6699999999999999 0.62
102 0.2572583258152008 1.0 29.160919324042972 0.7333333333333334 0.6699999999999999 0.6366666666666667
103 0.25774410367012024 1.0 29.1628437360894 0.7366666666666667 0.6666666666666667 0.6233333333333333
104 0.25728604197502136 1.0 29.153534631376186 0.7333333333333334 0.6466666666666667 0.6233333333333333
105 0.25731074810028076 1.0 29.146871465456496 0.7333333333333334 0.6566666666666667 0.6266666666666667
106 0.2570861279964447 1.0 29.14109369746882 0.7333333333333334 0.65 0.6333333333333333
107 0.25699058175086975 1.0 29.132045628318952 0.7433333333333334 0.6533333333333333 0.6266666666666667
108 0.2585323750972748 1.0 29.11712026355702 0.7333333333333334 0.65 0.6266666666666667
109 0.2567790448665619 1.0 29.101575736802214 0.7366666666666667 0.6566666666666667 0.63
110 0.2549866735935211 1.0 29.09788131178213 0.74 0.6833333333333333 0.6266666666666667
111 0.2565363645553589 1.0 29.09394785582719 0.74 0.6699999999999999 0.62
112 0.25414174795150757 1.0 29.085279473281144 0.7466666666666666 0.6699999999999999 0.6233333333333333
113 0.2565242052078247 1.0 29.079895762157978 0.74 0.6666666666666667 0.6266666666666667
114 0.25612959265708923 1.0 29.06488087791912 0.74 0.6533333333333333 0.6333333333333333
115 0.25609245896339417 1.0 29.06155865175085 0.74 0.6599999999999999 0.6266666666666667
116 0.255331426858902 1.0 29.062400916795703 0.7433333333333334 0.6766666666666667 0.6266666666666667
117 0.2567295432090759 1.0 29.050773735355865 0.7466666666666666 0.6733333333333333 0.6333333333333333
118 0.25424304604530334 1.0 29.04250358089517 0.7433333333333334 0.6566666666666667 0.6333333333333333
119 0.25634753704071045 1.0 29.0419386421493 0.7366666666666667 0.6699999999999999 0.62
120 0.25678661465644836 1.0 29.040596011399963 0.7433333333333334 0.6433333333333333 0.6266666666666667
121 0.25577783584594727 1.0 29.03253729994062 0.75 0.6666666666666667 0.6333333333333333
122 0.2533662021160126 1.0 29.028891909730447 0.7433333333333334 0.6733333333333333 0.6366666666666667
123 0.2551616132259369 1.0 29.014574445930545 0.7433333333333334 0.6633333333333333 0.62
124 0.25390368700027466 1.0 29.018894637321356 0.75 0.6799999999999999 0.6333333333333333
125 0.2551339268684387 1.0 29.015166489398943 0.74 0.6599999999999999 0.6266666666666667
126 0.2540709376335144 1.0 29.01320378498548 0.7466666666666666 0.6766666666666667 0.64
127 0.25498244166374207 1.0 29.002126181433884 0.74 0.6699999999999999 0.6233333333333333
128 0.2545965611934662 1.0 28.99782908723757 0.7433333333333334 0.6599999999999999 0.62
129 0.25433722138404846 1.0 28.993663555799003 0.7466666666666666 0.6566666666666667 0.63
130 0.2538010776042938 1.0 29.000189177536257 0.7466666666666666 0.6699999999999999 0.63
131 0.25330016016960144 1.0 28.993600318372792 0.7433333333333334 0.6633333333333333 0.6433333333333333
132 0.25484132766723633 1.0 28.9866189969936 0.7533333333333333 0.6733333333333333 0.6366666666666667
133 0.2535912096500397 1.0 28.974521629789972 0.7433333333333334 0.6666666666666667 0.6366666666666667
134 0.2544002830982208 1.0 28.977272944088767 0.75 0.6566666666666667 0.6233333333333333
135 0.25235822796821594 1.0 28.965153304457154 0.7533333333333333 0.6733333333333333 0.6333333333333333
136 0.2529619336128235 1.0 28.9644818968282 0.7533333333333333 0.6733333333333333 0.6333333333333333
137 0.25381994247436523 1.0 28.953373177776193 0.7433333333333334 0.6633333333333333 0.6466666666666667
138 0.2544301748275757 1.0 28.949112515378992 0.74 0.6699999999999999 0.64
139 0.2532622814178467 1.0 28.9395937296021 0.75 0.6599999999999999 0.63
140 0.2540307641029358 1.0 28.93618751223844 0.7466666666666666 0.6599999999999999 0.6333333333333333
141 0.25369903445243835 1.0 28.942336636873605 0.76 0.69 0.6333333333333333
142 0.252036452293396 1.0 28.93148212901366 0.75 0.6699999999999999 0.6366666666666667
143 0.25158262252807617 1.0 28.919276965827983 0.7533333333333333 0.6766666666666667 0.63
144 0.25212639570236206 1.0 28.89901855783602 0.7533333333333333 0.6666666666666667 0.62
145 0.25137773156166077 1.0 28.897194302140147 0.7633333333333333 0.6733333333333333 0.64
146 0.25152575969696045 1.0 28.889890474901986 0.7533333333333333 0.6633333333333333 0.63
147 0.2532077133655548 1.0 28.887740466618585 0.7533333333333333 0.6599999999999999 0.6333333333333333
148 0.25189417600631714 1.0 28.87699590370733 0.76 0.6766666666666667 0.6366666666666667
149 0.2521544396877289 1.0 28.868534784827588 0.76 0.6733333333333333 0.6333333333333333
150 0.2507549226284027 1.0 28.86592098966822 0.7633333333333333 0.6666666666666667 0.6333333333333333
151 0.2516012191772461 1.0 28.861284555884183 0.7533333333333333 0.6833333333333333 0.6333333333333333
152 0.25099822878837585 1.0 28.85150516103147 0.75 0.6799999999999999 0.6366666666666667
153 0.25148066878318787 1.0 28.84581812396611 0.76 0.6666666666666667 0.64
154 0.2509852647781372 1.0 28.85098911179263 0.7566666666666666 0.6699999999999999 0.6366666666666667
155 0.25175386667251587 1.0 28.830194173347014 0.76 0.6699999999999999 0.64
156 0.25129446387290955 1.0 28.832617768665656 0.7566666666666666 0.6733333333333333 0.6366666666666667
157 0.2514110505580902 1.0 28.814384336630525 0.7533333333333333 0.6699999999999999 0.63
158 0.25160446763038635 1.0 28.82169374962161 0.7633333333333333 0.6866666666666666 0.6433333333333333
159 0.25196167826652527 1.0 28.79865453238233 0.7566666666666666 0.6766666666666667 0.6366666666666667
160 0.24923956394195557 1.0 28.802798105706234 0.7633333333333333 0.6699999999999999 0.64
161 0.25110360980033875 1.0 28.797936507540896 0.7566666666666666 0.6566666666666667 0.6366666666666667
162 0.2502002716064453 1.0 28.795699864695973 0.7666666666666666 0.6566666666666667 0.6333333333333333
163 0.2498665153980255 1.0 28.77823317192067 0.7566666666666666 0.6533333333333333 0.63
164 0.25138431787490845 1.0 28.783318658042013 0.7666666666666666 0.6599999999999999 0.6333333333333333
165 0.25039348006248474 1.0 28.7775472901695 0.7533333333333333 0.6799999999999999 0.6366666666666667
166 0.2507881224155426 1.0 28.77636911927523 0.76 0.6699999999999999 0.6333333333333333
167 0.2510450482368469 1.0 28.75678925735802 0.7666666666666666 0.6699999999999999 0.6366666666666667
168 0.24927076697349548 1.0 28.761123969607688 0.7566666666666666 0.6766666666666667 0.64
169 0.2513655424118042 1.0 28.752870667373465 0.7633333333333333 0.6566666666666667 0.6366666666666667
170 0.25079643726348877 1.0 28.749747683160987 0.77 0.6633333333333333 0.63
171 0.2504006326198578 1.0 28.74650419149622 0.7633333333333333 0.6633333333333333 0.6333333333333333
172 0.24983902275562286 1.0 28.744381029725314 0.7633333333333333 0.6733333333333333 0.64
173 0.24977271258831024 1.0 28.742873784071726 0.7633333333333333 0.6833333333333333 0.63
174 0.24914665520191193 1.0 28.737246222167812 0.7633333333333333 0.6633333333333333 0.64
175 0.24704913794994354 1.0 28.729316723730957 0.7633333333333333 0.6833333333333333 0.6366666666666667
176 0.24908103048801422 1.0 28.74253305944482 0.7566666666666666 0.6699999999999999 0.6266666666666667
177 0.24793307483196259 1.0 28.725269654791173 0.77 0.6833333333333333 0.6366666666666667
178 0.24843990802764893 1.0 28.72858793565637 0.7533333333333333 0.6766666666666667 0.6266666666666667
179 0.24899500608444214 1.0 28.7213360987573 0.7733333333333333 0.6699999999999999 0.6433333333333333
180 0.2498178333044052 1.0 28.72512795919258 0.76 0.6766666666666667 0.64
181 0.24908220767974854 1.0 28.71180510910238 0.7633333333333333 0.6699999999999999 0.6433333333333333
182 0.24853506684303284 1.0 28.71561650855439 0.7733333333333333 0.6699999999999999 0.6266666666666667
183 0.24976249039173126 1.0 28.715313529976637 0.7566666666666666 0.6699999999999999 0.6333333333333333
184 0.24898463487625122 1.0 28.700521984370333 0.76 0.6733333333333333 0.64
185 0.2492213398218155 1.0 28.697400509698316 0.7633333333333333 0.6733333333333333 0.6333333333333333
186 0.24816913902759552 1.0 28.687060584732503 0.77 0.6699999999999999 0.6266666666666667
187 0.2500259280204773 1.0 28.703932848007717 0.7533333333333333 0.6799999999999999 0.6366666666666667
188 0.24798062443733215 1.0 28.68365020674009 0.7566666666666666 0.6733333333333333 0.6366666666666667
189 0.24847057461738586 1.0 28.690080908321647 0.7566666666666666 0.6699999999999999 0.6366666666666667
190 0.24887743592262268 1.0 28.680686036102124 0.7666666666666666 0.69 0.6366666666666667
191 0.24697503447532654 1.0 28.678636780692287 0.76 0.6666666666666667 0.6433333333333333
192 0.24807725846767426 1.0 28.68420410538297 0.7633333333333333 0.69 0.6466666666666667
193 0.24774152040481567 1.0 28.671204768431686 0.77 0.6633333333333333 0.6333333333333333
194 0.24721963703632355 1.0 28.665687907613986 0.7633333333333333 0.6699999999999999 0.6366666666666667
195 0.2485223412513733 1.0 28.661745784028415 0.76 0.6666666666666667 0.6333333333333333
196 0.24802188575267792 1.0 28.658490593552678 0.7633333333333333 0.6699999999999999 0.64
197 0.24779826402664185 1.0 28.653258650546668 0.76 0.6966666666666667 0.6433333333333333
198 0.2474086880683899 1.0 28.65150160121848 0.77 0.6799999999999999 0.6466666666666667
199 0.24867115914821625 1.0 28.6530291707081 0.7633333333333333 0.6699999999999999 0.6366666666666667
200 0.24812708795070648 1.0 28.646423657334612 0.7733333333333333 0.6699999999999999 0.6466666666666667
201 0.247720405459404 1.0 28.629149157920285 0.77 0.6766666666666667 0.65
202 0.24658125638961792 1.0 28.619674594676017 0.7666666666666666 0.6833333333333333 0.64
203 0.24767988920211792 1.0 28.61950978420335 0.7666666666666666 0.6733333333333333 0.64
204 0.24704018235206604 1.0 28.622298786711163 0.77 0.6833333333333333 0.6466666666666667
205 0.2477409988641739 1.0 28.614223950222495 0.7566666666666666 0.6933333333333334 0.65
206 0.2482270747423172 1.0 28.62096473266209 0.7666666666666666 0.6666666666666667 0.6433333333333333
207 0.24741624295711517 1.0 28.61971873826605 0.7666666666666666 0.6699999999999999 0.63
208 0.2479272186756134 1.0 28.615110329260062 0.76 0.6699999999999999 0.6433333333333333
209 0.24635817110538483 1.0 28.604348731171548 0.76 0.6866666666666666 0.6433333333333333
210 0.2472146898508072 1.0 28.611856404115716 0.76 0.65 0.65
211 0.24677352607250214 1.0 28.606848490009888 0.7666666666666666 0.6766666666666667 0.64
212 0.24710649251937866 1.0 28.60316979200782 0.7533333333333333 0.6633333333333333 0.64
213 0.24706432223320007 1.0 28.606056357260265 0.76 0.6799999999999999 0.6433333333333333
214 0.24684283137321472 1.0 28.597751500518903 0.76 0.6799999999999999 0.64
215 0.24814516305923462 1.0 28.595480989738462 0.7666666666666666 0.6733333333333333 0.64
216 0.24627971649169922 1.0 28.596650845969613 0.7633333333333333 0.6733333333333333 0.6533333333333333
217 0.24632488191127777 1.0 28.59208715798254 0.7833333333333333 0.6766666666666667 0.64
218 0.2457101047039032 1.0 28.585217981515505 0.7766666666666666 0.6699999999999999 0.6366666666666667
219 0.24604584276676178 1.0 28.580459853275187 0.7666666666666666 0.69 0.65
220 0.24751019477844238 1.0 28.578988744333525 0.77 0.6799999999999999 0.64
221 0.24644550681114197 1.0 28.57109240079737 0.7733333333333333 0.6733333333333333 0.6466666666666667
222 0.2466496378183365 1.0 28.57585209526647 0.76 0.6733333333333333 0.65
223 0.24599850177764893 1.0 28.576283526874402 0.7666666666666666 0.6766666666666667 0.6466666666666667
224 0.24549472332000732 1.0 28.569099878141838 0.7733333333333333 0.6733333333333333 0.6466666666666667
225 0.24471110105514526 1.0 28.581844461207766 0.77 0.6799999999999999 0.6466666666666667
226 0.24603994190692902 1.0 28.580073413565714 0.77 0.6766666666666667 0.6466666666666667
227 0.24590066075325012 1.0 28.570035361494845 0.7633333333333333 0.6799999999999999 0.64
228 0.24559104442596436 1.0 28.576499504414944 0.7766666666666666 0.6766666666666667 0.6466666666666667
229 0.24667148292064667 1.0 28.559441669734568 0.77 0.69 0.6433333333333333
230 0.24615192413330078 1.0 28.560038107147896 0.7666666666666666 0.6699999999999999 0.6433333333333333
231 0.24597510695457458 1.0 28.549006882823672 0.77 0.6733333333333333 0.64
232 0.24694941937923431 1.0 28.54634110964861 0.7633333333333333 0.6766666666666667 0.6466666666666667
233 0.2462950348854065 1.0 28.541522503532114 0.7633333333333333 0.6766666666666667 0.6466666666666667
234 0.24612954258918762 1.0 28.541439067981035 0.7733333333333333 0.69 0.6466666666666667
235 0.24469023942947388 1.0 28.531296967463224 0.7666666666666666 0.6666666666666667 0.6433333333333333
236 0.24540682137012482 1.0 28.543159889319437 0.7633333333333333 0.6866666666666666 0.6433333333333333
237 0.24560794234275818 1.0 28.531218401701608 0.7733333333333333 0.7066666666666667 0.6433333333333333
238 0.24427562952041626 1.0 28.51758299272115 0.7633333333333333 0.6833333333333333 0.6466666666666667
239 0.2450803518295288 1.0 28.514800292215703 0.7733333333333333 0.6966666666666667 0.6533333333333333
240 0.245322585105896 1.0 28.512290297814253 0.77 0.6733333333333333 0.6466666666666667
241 0.24512246251106262 1.0 28.50375768232295 0.7733333333333333 0.6799999999999999 0.6466666666666667
242 0.24514272809028625 1.0 28.493825236959825 0.7766666666666666 0.6833333333333333 0.6466666666666667
243 0.24330054223537445 1.0 28.489057635306217 0.7666666666666666 0.7033333333333334 0.6466666666666667
244 0.24460728466510773 1.0 28.47681307167925 0.7866666666666666 0.6799999999999999 0.6466666666666667
245 0.24535685777664185 1.0 28.46526292050315 0.7666666666666666 0.6866666666666666 0.6466666666666667
246 0.24348774552345276 1.0 28.45528401057784 0.77 0.6666666666666667 0.6466666666666667
247 0.2448967695236206 1.0 28.45683428517497 0.77 0.6633333333333333 0.6566666666666667
248 0.24300441145896912 1.0 28.455771642461688 0.7666666666666666 0.6799999999999999 0.6566666666666667
249 0.24548496305942535 1.0 28.448256499400884 0.7733333333333333 0.6666666666666667 0.6466666666666667
250 0.24451127648353577 1.0 28.446966668794403 0.7733333333333333 0.6766666666666667 0.6533333333333333
251 0.24357464909553528 1.0 28.441089096136132 0.7766666666666666 0.6799999999999999 0.6466666666666667
252 0.2438233494758606 1.0 28.438814387159375 0.77 0.6833333333333333 0.65
253 0.2450554370880127 1.0 28.428785184461173 0.7733333333333333 0.6799999999999999 0.65
254 0.24308335781097412 1.0 28.433321470701163 0.7733333333333333 0.6799999999999999 0.6533333333333333
255 0.2440013587474823 1.0 28.406986655659505 0.7766666666666666 0.6666666666666667 0.65
256 0.24380266666412354 1.0 28.420817169007723 0.78 0.69 0.6566666666666667
257 0.24343667924404144 1.0 28.424184000155016 0.7733333333333333 0.6933333333333334 0.6466666666666667
258 0.24259468913078308 1.0 28.42857369731645 0.78 0.69 0.65
259 0.24373826384544373 1.0 28.42102526053329 0.77 0.6833333333333333 0.65
260 0.24422895908355713 1.0 28.42107452384218 0.77 0.6633333333333333 0.6533333333333333
261 0.24340727925300598 1.0 28.408343083027773 0.7766666666666666 0.69 0.65
262 0.2442389726638794 1.0 28.41642111100328 0.7633333333333333 0.6633333333333333 0.6466666666666667
263 0.24284951388835907 1.0 28.397929778384707 0.7733333333333333 0.6833333333333333 0.65
264 0.2433338165283203 1.0 28.39460213940138 0.78 0.6699999999999999 0.6533333333333333
265 0.24389390647411346 1.0 28.395118430645148 0.77 0.6766666666666667 0.65
266 0.2433340698480606 1.0 28.38857817967228 0.7666666666666666 0.6833333333333333 0.6533333333333333
267 0.24363408982753754 1.0 28.378137574988756 0.7766666666666666 0.7 0.6566666666666667
268 0.2423597127199173 1.0 28.3869643245019 0.77 0.6666666666666667 0.65
269 0.24345538020133972 1.0 28.394685290406414 0.7766666666666666 0.6733333333333333 0.6566666666666667
270 0.24275216460227966 1.0 28.39228442670171 0.7733333333333333 0.6833333333333333 0.6533333333333333
271 0.2421373724937439 1.0 28.385252724080594 0.7733333333333333 0.6866666666666666 0.6566666666666667
272 0.2435663938522339 1.0 28.37500703048751 0.7766666666666666 0.6699999999999999 0.65
273 0.24191156029701233 1.0 28.37943975609332 0.7766666666666666 0.6766666666666667 0.6633333333333333
274 0.24344751238822937 1.0 28.38270123017483 0.77 0.6766666666666667 0.6533333333333333
275 0.24343723058700562 1.0 28.368633689206394 0.77 0.6833333333333333 0.65
276 0.24408386647701263 1.0 28.365753447897063 0.77 0.6733333333333333 0.6599999999999999
277 0.24347451329231262 1.0 28.36047787162616 0.7733333333333333 0.6833333333333333 0.6533333333333333
278 0.242854505777359 1.0 28.357570326445725 0.77 0.6833333333333333 0.6533333333333333
279 0.2419716715812683 1.0 28.359937522591512 0.7666666666666666 0.6599999999999999 0.6599999999999999
280 0.24245549738407135 1.0 28.363203207482258 0.7733333333333333 0.6933333333333334 0.6633333333333333
281 0.24157340824604034 1.0 28.359000433554293 0.7733333333333333 0.6866666666666666 0.6566666666666667
282 0.24216106534004211 1.0 28.356966438126552 0.7733333333333333 0.6866666666666666 0.6633333333333333
283 0.24237816035747528 1.0 28.351096625346884 0.7733333333333333 0.69 0.6533333333333333
284 0.24278447031974792 1.0 28.35504053156329 0.7733333333333333 0.6799999999999999 0.6599999999999999
285 0.24144098162651062 1.0 28.33767583595438 0.77 0.69 0.6566666666666667
286 0.2422729730606079 1.0 28.344740682462138 0.7733333333333333 0.69 0.6599999999999999
287 0.24117740988731384 1.0 28.340606069616584 0.7733333333333333 0.7033333333333334 0.6566666666666667
288 0.24104571342468262 1.0 28.353461170839374 0.7766666666666666 0.7066666666666667 0.65
289 0.24209052324295044 1.0 28.343528823853248 0.7733333333333333 0.6933333333333334 0.6599999999999999
290 0.24188463389873505 1.0 28.33478006560106 0.7733333333333333 0.7 0.6533333333333333
291 0.24242180585861206 1.0 28.340416405084987 0.7766666666666666 0.69 0.6533333333333333
292 0.24178333580493927 1.0 28.33906033610592 0.7766666666666666 0.6833333333333333 0.6599999999999999
293 0.24213993549346924 1.0 28.342786102379264 0.78 0.6966666666666667 0.65
294 0.2428918480873108 1.0 28.343778954355226 0.7766666666666666 0.6799999999999999 0.6566666666666667
295 0.24165233969688416 1.0 28.327545840931492 0.7833333333333333 0.6833333333333333 0.6599999999999999
296 0.24239803850650787 1.0 28.336787071004643 0.7766666666666666 0.6799999999999999 0.6566666666666667
297 0.24045409262180328 1.0 28.336229331577783 0.7766666666666666 0.69 0.6666666666666667
298 0.2417958527803421 1.0 28.33938292383857 0.7733333333333333 0.6833333333333333 0.6566666666666667
299 0.24212875962257385 1.0 28.329024374821756 0.7833333333333333 0.6833333333333333 0.6533333333333333
cur idx:  0
For watermark, PSNR: 28.329320427201164 SSIM: 0.96658516 LPIPS: 0.13629165 ACC: 1.0
For attacks, PSNR: 28.4201305249152 SSIM: 0.96669847 LPIPS: 0.1360797 ACC: 0.7666666666666666
0 0.3547656834125519 0.95 31.642613843769794 0.5033333333333334 0.48 0.4966666666666667
1 0.3462704122066498 0.9933333333333333 31.55525938105692 0.5066666666666666 0.4766666666666667 0.4966666666666667
2 0.3427641689777374 1.0 31.623687414432702 0.5366666666666666 0.47 0.5033333333333334
3 0.33900052309036255 1.0 31.68161604125371 0.5466666666666666 0.4633333333333334 0.51
4 0.3355286717414856 1.0 31.759080122131003 0.5533333333333333 0.4733333333333334 0.51
5 0.33482787013053894 1.0 31.78697571372696 0.5533333333333333 0.49 0.5066666666666666
6 0.3322027027606964 1.0 31.81683752519085 0.55 0.4866666666666667 0.5133333333333333
7 0.3318791389465332 1.0 31.84406361961194 0.5633333333333334 0.5033333333333334 0.51
8 0.329086035490036 1.0 31.8234496899003 0.56 0.5033333333333334 0.52
9 0.3258199095726013 1.0 31.827842348929906 0.56 0.5033333333333334 0.5233333333333333
10 0.32510611414909363 1.0 31.779094061200365 0.5633333333333334 0.4933333333333333 0.5233333333333333
11 0.323830783367157 1.0 31.771272521830255 0.5700000000000001 0.4966666666666667 0.5266666666666666
12 0.3209645748138428 1.0 31.726825679642438 0.5766666666666667 0.5266666666666666 0.5233333333333333
13 0.3206053078174591 1.0 31.71916705215454 0.5833333333333333 0.5166666666666666 0.5233333333333333
14 0.3196813464164734 1.0 31.678864236592045 0.5866666666666667 0.52 0.5266666666666666
15 0.3184283375740051 1.0 31.665099087841007 0.5933333333333333 0.51 0.5333333333333333
16 0.31833693385124207 1.0 31.607614812829567 0.5966666666666667 0.5066666666666666 0.5333333333333333
17 0.31725335121154785 1.0 31.58370959602459 0.5966666666666667 0.5033333333333334 0.5366666666666666
18 0.31585222482681274 1.0 31.55849302196636 0.6 0.5366666666666666 0.53
19 0.3164799213409424 1.0 31.514041659031843 0.6033333333333333 0.5066666666666666 0.54
20 0.31524989008903503 1.0 31.489245318812074 0.6033333333333333 0.5266666666666666 0.5366666666666666
21 0.31245559453964233 1.0 31.41154599065858 0.6066666666666667 0.5366666666666666 0.5466666666666666
22 0.31232112646102905 1.0 31.432907422089222 0.61 0.5466666666666666 0.5433333333333333
23 0.3112783432006836 1.0 31.367261466906395 0.61 0.5466666666666666 0.54
24 0.3110068142414093 1.0 31.36926430611669 0.6066666666666667 0.5433333333333333 0.5433333333333333
25 0.3100211024284363 1.0 31.303157765675792 0.6133333333333333 0.5466666666666666 0.5433333333333333
26 0.30915868282318115 1.0 31.29270986414558 0.62 0.5466666666666666 0.55
27 0.3094734847545624 1.0 31.250766823169577 0.6266666666666667 0.5366666666666666 0.5533333333333333
28 0.3094010651111603 1.0 31.22863098306673 0.6233333333333333 0.5333333333333333 0.55
29 0.30721545219421387 1.0 31.180688586367545 0.6366666666666667 0.5466666666666666 0.55
30 0.30633798241615295 1.0 31.17668775391997 0.6366666666666667 0.5466666666666666 0.5466666666666666
31 0.30631405115127563 1.0 31.11855027112866 0.6333333333333333 0.5466666666666666 0.5533333333333333
32 0.30567052960395813 1.0 31.111502425761888 0.6466666666666667 0.5466666666666666 0.55
33 0.30434998869895935 1.0 31.059822084220542 0.6433333333333333 0.56 0.5533333333333333
34 0.3056841492652893 1.0 31.055083029632833 0.65 0.5433333333333333 0.5533333333333333
35 0.3045976161956787 1.0 31.012260230425074 0.6433333333333333 0.5633333333333334 0.5533333333333333
36 0.3034614324569702 1.0 30.978500803518173 0.6466666666666667 0.5566666666666666 0.56
37 0.3032573163509369 1.0 30.949094291515905 0.6466666666666667 0.5666666666666667 0.5566666666666666
38 0.30144283175468445 1.0 30.930008735674622 0.6433333333333333 0.5633333333333334 0.56
39 0.302221417427063 1.0 30.87496107178362 0.6466666666666667 0.5633333333333334 0.5566666666666666
40 0.30091649293899536 1.0 30.884791149385183 0.65 0.5533333333333333 0.56
41 0.3017558157444 1.0 30.824338474642442 0.6466666666666667 0.5566666666666666 0.56
42 0.30120179057121277 1.0 30.818730532245368 0.65 0.5533333333333333 0.5700000000000001
43 0.30027955770492554 1.0 30.783401115039155 0.6433333333333333 0.5666666666666667 0.56
44 0.29881322383880615 1.0 30.754345441573513 0.6633333333333333 0.5666666666666667 0.5733333333333333
45 0.2990807294845581 1.0 30.71321030418648 0.6599999999999999 0.5566666666666666 0.5633333333333334
46 0.2987179160118103 1.0 30.707256244351008 0.6599999999999999 0.5733333333333333 0.5666666666666667
47 0.29818084836006165 1.0 30.654772730574912 0.6666666666666667 0.5766666666666667 0.5700000000000001
48 0.2979698181152344 1.0 30.65704478826173 0.6666666666666667 0.5666666666666667 0.5766666666666667
49 0.29757869243621826 1.0 30.61457971860164 0.6666666666666667 0.5666666666666667 0.5733333333333333
50 0.2966092824935913 1.0 30.596000019078957 0.6633333333333333 0.5533333333333333 0.5700000000000001
51 0.29662439227104187 1.0 30.57750163305513 0.6666666666666667 0.5666666666666667 0.5766666666666667
52 0.29611727595329285 1.0 30.54718243269104 0.6666666666666667 0.5700000000000001 0.5766666666666667
53 0.29572945833206177 1.0 30.51627191364254 0.6633333333333333 0.5800000000000001 0.5800000000000001
54 0.29512715339660645 1.0 30.50719169257936 0.6599999999999999 0.5800000000000001 0.5733333333333333
55 0.2944742739200592 1.0 30.498641473737777 0.6699999999999999 0.5766666666666667 0.5800000000000001
56 0.29398512840270996 1.0 30.453474057667993 0.6666666666666667 0.5700000000000001 0.5800000000000001
57 0.293781578540802 1.0 30.420933225312407 0.6699999999999999 0.5800000000000001 0.5800000000000001
58 0.292331725358963 1.0 30.416167581275285 0.6699999999999999 0.5700000000000001 0.5766666666666667
59 0.29256096482276917 1.0 30.384933325547202 0.6633333333333333 0.5833333333333333 0.5800000000000001
60 0.2916503846645355 1.0 30.381898859654918 0.6666666666666667 0.5966666666666667 0.5733333333333333
61 0.2948468029499054 1.0 30.35101549827886 0.6666666666666667 0.5733333333333333 0.5700000000000001
62 0.2925800681114197 1.0 30.34866573014955 0.6666666666666667 0.5933333333333333 0.5800000000000001
63 0.2921844720840454 1.0 30.319642900630672 0.6733333333333333 0.5666666666666667 0.5666666666666667
64 0.29051491618156433 1.0 30.319363076704093 0.6699999999999999 0.5733333333333333 0.5800000000000001
65 0.29100024700164795 1.0 30.279561233146886 0.6733333333333333 0.5633333333333334 0.5833333333333333
66 0.2918671667575836 1.0 30.270477356979338 0.6666666666666667 0.5766666666666667 0.5833333333333333
67 0.29027318954467773 1.0 30.24090847873312 0.6766666666666667 0.5966666666666667 0.5733333333333333
68 0.29045411944389343 1.0 30.22656481759541 0.6699999999999999 0.6033333333333333 0.5800000000000001
69 0.29013362526893616 1.0 30.23005110516671 0.6733333333333333 0.5833333333333333 0.5800000000000001
70 0.28962936997413635 1.0 30.20549126873251 0.6699999999999999 0.5766666666666667 0.5800000000000001
71 0.28963425755500793 1.0 30.181081480010082 0.6766666666666667 0.5666666666666667 0.5733333333333333
72 0.2889580726623535 1.0 30.173672655760726 0.6699999999999999 0.5766666666666667 0.5766666666666667
73 0.2889602780342102 1.0 30.15312629742818 0.6733333333333333 0.6 0.5800000000000001
74 0.28874140977859497 1.0 30.142511977958186 0.6799999999999999 0.5766666666666667 0.5833333333333333
75 0.28851956129074097 1.0 30.121301786053788 0.6833333333333333 0.5766666666666667 0.5766666666666667
76 0.2868708372116089 1.0 30.10437768101307 0.6699999999999999 0.5900000000000001 0.5766666666666667
77 0.28620460629463196 1.0 30.0838483239944 0.6833333333333333 0.5933333333333333 0.5833333333333333
78 0.2857774794101715 1.0 30.068714640069636 0.6833333333333333 0.6133333333333333 0.5800000000000001
79 0.28726592659950256 1.0 30.051880371897745 0.6733333333333333 0.5833333333333333 0.5833333333333333
80 0.2855137288570404 1.0 30.026668052027876 0.6866666666666666 0.6 0.5733333333333333
81 0.28599900007247925 1.0 30.00943086989615 0.6766666666666667 0.5900000000000001 0.5700000000000001
82 0.28521689772605896 1.0 29.986834767465865 0.6799999999999999 0.5733333333333333 0.5800000000000001
83 0.2842697501182556 1.0 29.962100410700664 0.6766666666666667 0.5866666666666667 0.5800000000000001
84 0.2843948006629944 1.0 29.968994866609556 0.6833333333333333 0.5933333333333333 0.5833333333333333
85 0.284872829914093 1.0 29.947990028248515 0.69 0.5933333333333333 0.5866666666666667
86 0.2838982343673706 1.0 29.947506453587437 0.6833333333333333 0.6 0.5800000000000001
87 0.28394952416419983 1.0 29.931265621600108 0.6966666666666667 0.5966666666666667 0.5866666666666667
88 0.28359389305114746 1.0 29.930066334095926 0.69 0.5833333333333333 0.5866666666666667
89 0.2825468182563782 1.0 29.907613594511893 0.69 0.5933333333333333 0.5800000000000001
90 0.2839954197406769 1.0 29.891852941517563 0.7 0.6066666666666667 0.5833333333333333
91 0.28169339895248413 1.0 29.872450279457944 0.6866666666666666 0.6166666666666667 0.5833333333333333
92 0.28239375352859497 1.0 29.871876808421526 0.6933333333333334 0.5766666666666667 0.5866666666666667
93 0.28171586990356445 1.0 29.842669520770748 0.6866666666666666 0.6033333333333333 0.5800000000000001
94 0.28101107478141785 1.0 29.850330905531184 0.69 0.6033333333333333 0.5800000000000001
95 0.2812197804450989 1.0 29.81157242816721 0.69 0.5933333333333333 0.5833333333333333
96 0.280047744512558 1.0 29.816914394204545 0.6933333333333334 0.5966666666666667 0.5833333333333333
97 0.28139305114746094 1.0 29.78958087339249 0.6966666666666667 0.5900000000000001 0.5900000000000001
98 0.2810893654823303 1.0 29.79089945750916 0.6966666666666667 0.6033333333333333 0.5933333333333333
99 0.2800963819026947 1.0 29.780490555329454 0.7 0.5933333333333333 0.5966666666666667
100 0.28041669726371765 1.0 29.74393541910706 0.6933333333333334 0.6033333333333333 0.5866666666666667
101 0.27990129590034485 1.0 29.74063026813632 0.6966666666666667 0.6 0.5800000000000001
102 0.28003746271133423 1.0 29.734349425312978 0.7066666666666667 0.6066666666666667 0.5933333333333333
103 0.28001564741134644 1.0 29.705181606441986 0.6966666666666667 0.6033333333333333 0.5933333333333333
104 0.27998021245002747 1.0 29.719144663390786 0.6933333333333334 0.5933333333333333 0.5833333333333333
105 0.2801998257637024 1.0 29.68961912356137 0.7 0.5866666666666667 0.5933333333333333
106 0.27779412269592285 1.0 29.692607005534516 0.7 0.6133333333333333 0.5866666666666667
107 0.2797992527484894 1.0 29.687078057731515 0.7033333333333334 0.5900000000000001 0.5900000000000001
108 0.27796804904937744 1.0 29.6777126858508 0.6966666666666667 0.61 0.5900000000000001
109 0.2776494324207306 1.0 29.64836454893218 0.6966666666666667 0.6133333333333333 0.5933333333333333
110 0.27781739830970764 1.0 29.644467989415165 0.6933333333333334 0.6 0.5900000000000001
111 0.2767125368118286 1.0 29.6269159027582 0.7 0.6133333333333333 0.5966666666666667
112 0.2788606286048889 1.0 29.62232123783553 0.7 0.5966666666666667 0.5900000000000001
113 0.2771952748298645 1.0 29.595980413332565 0.7033333333333334 0.6166666666666667 0.5933333333333333
114 0.2783661484718323 1.0 29.60218979839309 0.7 0.61 0.5966666666666667
115 0.27701738476753235 1.0 29.57988461368485 0.71 0.5966666666666667 0.6
116 0.2768810987472534 1.0 29.577698999227824 0.7066666666666667 0.62 0.5933333333333333
117 0.27681678533554077 1.0 29.55974247558516 0.7066666666666667 0.6166666666666667 0.5933333333333333
118 0.2771739363670349 1.0 29.567204083938826 0.7033333333333334 0.62 0.5933333333333333
119 0.2757970988750458 1.0 29.547349691943904 0.7066666666666667 0.61 0.5900000000000001
120 0.27596279978752136 1.0 29.540101007512554 0.7133333333333334 0.6166666666666667 0.5966666666666667
121 0.2751714885234833 1.0 29.517470312907914 0.7066666666666667 0.6166666666666667 0.5900000000000001
122 0.2774675190448761 1.0 29.504284183076624 0.7033333333333334 0.61 0.5966666666666667
123 0.27492278814315796 1.0 29.487985527077672 0.71 0.6 0.5966666666666667
124 0.2768115699291229 1.0 29.496373422698202 0.7033333333333334 0.5966666666666667 0.5900000000000001
125 0.2752240002155304 1.0 29.467539023229023 0.71 0.6166666666666667 0.5933333333333333
126 0.27563801407814026 1.0 29.468967308836852 0.7033333333333334 0.6 0.5900000000000001
127 0.27349212765693665 1.0 29.44496513414129 0.7 0.6166666666666667 0.5966666666666667
128 0.27536192536354065 1.0 29.45873575736892 0.7133333333333334 0.62 0.5933333333333333
129 0.2747458517551422 1.0 29.430623153489222 0.71 0.6066666666666667 0.6
130 0.2725013494491577 1.0 29.437355155524735 0.71 0.6133333333333333 0.5966666666666667
131 0.2739182710647583 1.0 29.40562817868949 0.71 0.6066666666666667 0.6
132 0.2743208110332489 1.0 29.409539059019632 0.7133333333333334 0.61 0.6033333333333333
133 0.27278491854667664 1.0 29.392038947176534 0.6933333333333334 0.62 0.5933333333333333
134 0.27455654740333557 1.0 29.38580004144014 0.7033333333333334 0.6133333333333333 0.6
135 0.27316227555274963 1.0 29.36318736802206 0.7066666666666667 0.6066666666666667 0.5966666666666667
136 0.27225613594055176 1.0 29.368020114130783 0.7033333333333334 0.6066666666666667 0.5966666666666667
137 0.27281665802001953 1.0 29.335611784999614 0.7066666666666667 0.61 0.6033333333333333
138 0.2719534933567047 1.0 29.345007735938378 0.7 0.6066666666666667 0.6
139 0.2718506157398224 1.0 29.324971000349972 0.71 0.5933333333333333 0.6
140 0.2728363573551178 1.0 29.323080611476872 0.7066666666666667 0.5933333333333333 0.5966666666666667
141 0.27107828855514526 1.0 29.313637743478374 0.7133333333333334 0.6166666666666667 0.5933333333333333
142 0.27250978350639343 1.0 29.317690971054596 0.71 0.6066666666666667 0.5933333333333333
143 0.2707991898059845 1.0 29.292356105293212 0.7 0.62 0.6
144 0.270250141620636 1.0 29.29348575610499 0.71 0.62 0.6
145 0.27110928297042847 1.0 29.284681828637353 0.7066666666666667 0.6166666666666667 0.6033333333333333
146 0.2713564932346344 1.0 29.261578170207777 0.71 0.62 0.6133333333333333
147 0.2721385657787323 1.0 29.273080087164793 0.71 0.61 0.6033333333333333
148 0.2702100872993469 1.0 29.24450075637296 0.7033333333333334 0.62 0.6
149 0.2710486650466919 1.0 29.248244590423717 0.7066666666666667 0.6266666666666667 0.6133333333333333
150 0.2700316607952118 1.0 29.230977781748454 0.7066666666666667 0.6333333333333333 0.6033333333333333
151 0.27022087574005127 1.0 29.226329568765188 0.7033333333333334 0.61 0.61
152 0.26927924156188965 1.0 29.221888387180993 0.71 0.62 0.6133333333333333
153 0.2715907096862793 1.0 29.22102869803494 0.71 0.6133333333333333 0.6066666666666667
154 0.27049440145492554 1.0 29.21129800502196 0.71 0.6166666666666667 0.6033333333333333
155 0.27089518308639526 1.0 29.20195808677569 0.7166666666666667 0.5866666666666667 0.61
156 0.26773306727409363 1.0 29.195649892802045 0.71 0.63 0.61
157 0.26861438155174255 1.0 29.17371251114527 0.7066666666666667 0.62 0.61
158 0.269569456577301 1.0 29.16724159011405 0.7 0.63 0.6
159 0.26876378059387207 1.0 29.151828654941102 0.71 0.62 0.6066666666666667
160 0.26768338680267334 1.0 29.158945935335616 0.71 0.61 0.6066666666666667
161 0.2688720226287842 1.0 29.151424442688292 0.71 0.62 0.61
162 0.26842987537384033 1.0 29.157708762597156 0.7066666666666667 0.62 0.61
163 0.26823192834854126 1.0 29.13880354169087 0.7066666666666667 0.6066666666666667 0.6133333333333333
164 0.2680617570877075 1.0 29.150620087091397 0.7066666666666667 0.6033333333333333 0.6033333333333333
165 0.26873141527175903 1.0 29.125284130402637 0.7133333333333334 0.6166666666666667 0.6066666666666667
166 0.2688075304031372 1.0 29.133611004732884 0.7033333333333334 0.6 0.6133333333333333
167 0.2668791115283966 1.0 29.111168201106725 0.7133333333333334 0.61 0.61
168 0.26642557978630066 1.0 29.11195779529131 0.7133333333333334 0.6266666666666667 0.6166666666666667
169 0.2677153944969177 1.0 29.105399565835054 0.7233333333333334 0.6233333333333333 0.6133333333333333
170 0.2670662999153137 1.0 29.107676293438537 0.7166666666666667 0.6166666666666667 0.6066666666666667
171 0.2663310170173645 1.0 29.084712110383315 0.71 0.6366666666666667 0.6033333333333333
172 0.2673111855983734 1.0 29.082185565284494 0.71 0.63 0.6066666666666667
173 0.2660967707633972 1.0 29.08177179086494 0.7166666666666667 0.63 0.61
174 0.2656826972961426 1.0 29.070402538313846 0.7133333333333334 0.6266666666666667 0.6166666666666667
175 0.26628103852272034 1.0 29.07484063764343 0.72 0.6433333333333333 0.6133333333333333
176 0.26745012402534485 1.0 29.072987142111938 0.7133333333333334 0.61 0.6133333333333333
177 0.26674842834472656 1.0 29.051681933060244 0.7166666666666667 0.61 0.6166666666666667
178 0.2672666609287262 1.0 29.055336575509678 0.7066666666666667 0.6 0.6166666666666667
179 0.2659533619880676 1.0 29.025304709886555 0.7166666666666667 0.6133333333333333 0.61
180 0.2658589482307434 1.0 29.03897436889798 0.71 0.6133333333333333 0.6133333333333333
181 0.2654343843460083 1.0 29.01183223370543 0.7166666666666667 0.6133333333333333 0.61
182 0.26695266366004944 1.0 29.021933461359755 0.7166666666666667 0.6133333333333333 0.6166666666666667
183 0.2663063108921051 1.0 28.998705658582338 0.7166666666666667 0.62 0.6066666666666667
184 0.266300767660141 1.0 28.99871680820538 0.72 0.6166666666666667 0.6066666666666667
185 0.26541197299957275 1.0 28.981666584531336 0.7166666666666667 0.62 0.6266666666666667
186 0.2646477222442627 1.0 28.986347929790952 0.72 0.63 0.6233333333333333
187 0.26697009801864624 1.0 28.97644625510168 0.72 0.6166666666666667 0.6166666666666667
188 0.26550936698913574 1.0 28.960262233354364 0.7166666666666667 0.6233333333333333 0.6233333333333333
189 0.26490357518196106 1.0 28.973829661555417 0.7133333333333334 0.6366666666666667 0.6133333333333333
190 0.26524490118026733 1.0 28.9518778610354 0.72 0.6233333333333333 0.6166666666666667
191 0.2646123468875885 1.0 28.946893558634947 0.7233333333333334 0.6466666666666667 0.62
192 0.2642100155353546 1.0 28.935643768981226 0.72 0.62 0.63
193 0.26393043994903564 1.0 28.941761687380072 0.7166666666666667 0.6266666666666667 0.62
194 0.26440614461898804 1.0 28.927647261853615 0.7166666666666667 0.6366666666666667 0.6066666666666667
195 0.2624558210372925 1.0 28.90872341828213 0.7133333333333334 0.6433333333333333 0.6233333333333333
196 0.26416149735450745 1.0 28.90602704684865 0.72 0.6233333333333333 0.62
197 0.2634200155735016 1.0 28.892951462700726 0.7233333333333334 0.6266666666666667 0.6166666666666667
198 0.26413896679878235 1.0 28.90426548547706 0.7166666666666667 0.64 0.6166666666666667
199 0.26412633061408997 1.0 28.88530498975542 0.71 0.6033333333333333 0.6233333333333333
200 0.26280859112739563 1.0 28.886286901690823 0.7133333333333334 0.6366666666666667 0.6233333333333333
201 0.26328539848327637 1.0 28.868790791700754 0.7333333333333334 0.6333333333333333 0.6266666666666667
202 0.2634170949459076 1.0 28.881231813178736 0.7166666666666667 0.6433333333333333 0.6166666666666667
203 0.2633748948574066 1.0 28.870299051238174 0.7166666666666667 0.64 0.61
204 0.2624398171901703 1.0 28.880212263558427 0.7233333333333334 0.62 0.6266666666666667
205 0.26291385293006897 1.0 28.87247273215742 0.7266666666666667 0.6166666666666667 0.6166666666666667
206 0.2612077295780182 1.0 28.867069773578343 0.7133333333333334 0.63 0.62
207 0.26386958360671997 1.0 28.846026219199388 0.72 0.6366666666666667 0.6166666666666667
208 0.26251399517059326 1.0 28.842727906082626 0.7233333333333334 0.6333333333333333 0.62
209 0.261870801448822 1.0 28.836046514310226 0.72 0.6333333333333333 0.62
210 0.2620236873626709 1.0 28.8401263352507 0.7233333333333334 0.6233333333333333 0.62
211 0.26188981533050537 1.0 28.842898585141402 0.71 0.6333333333333333 0.6166666666666667
212 0.2625185549259186 1.0 28.847756068327385 0.7233333333333334 0.6333333333333333 0.6266666666666667
213 0.2618315815925598 1.0 28.820110343420517 0.7233333333333334 0.6466666666666667 0.6033333333333333
214 0.26056644320487976 1.0 28.82313084270255 0.7333333333333334 0.6333333333333333 0.6266666666666667
215 0.26162558794021606 1.0 28.814183778523265 0.7266666666666667 0.62 0.6233333333333333
216 0.26122334599494934 1.0 28.820773990676333 0.7166666666666667 0.64 0.6266666666666667
217 0.26221510767936707 1.0 28.82482985291611 0.7266666666666667 0.63 0.6166666666666667
218 0.26095569133758545 1.0 28.81043296149267 0.7266666666666667 0.6266666666666667 0.6233333333333333
219 0.26066139340400696 1.0 28.811970394046273 0.7266666666666667 0.6366666666666667 0.6233333333333333
220 0.261870801448822 1.0 28.813319800067315 0.7133333333333334 0.65 0.64
221 0.2607029974460602 1.0 28.80741774168259 0.7233333333333334 0.6333333333333333 0.6266666666666667
222 0.26033592224121094 1.0 28.799963124605753 0.7266666666666667 0.6466666666666667 0.6266666666666667
223 0.26148027181625366 1.0 28.792854584883827 0.7266666666666667 0.6066666666666667 0.6233333333333333
224 0.2605828642845154 1.0 28.797909517956075 0.72 0.6433333333333333 0.6266666666666667
225 0.26227617263793945 1.0 28.791530442743 0.7233333333333334 0.6366666666666667 0.6266666666666667
226 0.26171162724494934 1.0 28.791913611553905 0.7233333333333334 0.6233333333333333 0.63
227 0.26133811473846436 1.0 28.76478725997866 0.7133333333333334 0.63 0.6266666666666667
228 0.2612014412879944 1.0 28.779472811741638 0.7233333333333334 0.6333333333333333 0.6233333333333333
229 0.26118025183677673 1.0 28.766654007767816 0.7233333333333334 0.6366666666666667 0.6233333333333333
230 0.2597329914569855 1.0 28.768753345780986 0.7166666666666667 0.64 0.63
231 0.2602331340312958 1.0 28.75517795943412 0.7233333333333334 0.63 0.6233333333333333
232 0.26017501950263977 1.0 28.763040470454484 0.7266666666666667 0.6433333333333333 0.63
233 0.26092976331710815 1.0 28.746021046670602 0.7266666666666667 0.6266666666666667 0.63
234 0.2602199614048004 1.0 28.750771827052777 0.7166666666666667 0.6433333333333333 0.6233333333333333
235 0.2596246004104614 1.0 28.739749485208637 0.73 0.6566666666666667 0.63
236 0.26118654012680054 1.0 28.732637147865944 0.7166666666666667 0.64 0.6366666666666667
237 0.2599950432777405 1.0 28.724113420573367 0.7333333333333334 0.6366666666666667 0.63
238 0.25949928164482117 1.0 28.728857201228912 0.7133333333333334 0.62 0.6333333333333333
239 0.2591695487499237 1.0 28.71715659747837 0.7266666666666667 0.6366666666666667 0.6333333333333333
240 0.2597309947013855 1.0 28.72527258770038 0.7233333333333334 0.63 0.63
241 0.2588896155357361 1.0 28.6955911351604 0.7166666666666667 0.65 0.6266666666666667
242 0.2592752277851105 1.0 28.702620670473614 0.7166666666666667 0.6433333333333333 0.63
243 0.260996013879776 1.0 28.689341874979434 0.7233333333333334 0.6233333333333333 0.6166666666666667
244 0.2587894797325134 1.0 28.675109771333133 0.72 0.6366666666666667 0.62
245 0.2590480148792267 1.0 28.691288618955134 0.7233333333333334 0.64 0.6266666666666667
246 0.2591181993484497 1.0 28.667135787158063 0.7266666666666667 0.64 0.6233333333333333
247 0.2575996220111847 1.0 28.671030336085096 0.7333333333333334 0.6466666666666667 0.63
248 0.25948360562324524 1.0 28.66925818720919 0.7366666666666667 0.63 0.62
249 0.2591988146305084 1.0 28.666733693231777 0.72 0.6333333333333333 0.6166666666666667
250 0.2584090828895569 1.0 28.662640467446643 0.7266666666666667 0.62 0.6266666666666667
251 0.258693128824234 1.0 28.65720964623408 0.7233333333333334 0.62 0.6233333333333333
252 0.2586303949356079 1.0 28.643218829542427 0.7266666666666667 0.6266666666666667 0.6233333333333333
253 0.2580406963825226 1.0 28.63995364615903 0.7233333333333334 0.6533333333333333 0.6233333333333333
254 0.2592015564441681 1.0 28.62677969443077 0.7266666666666667 0.6266666666666667 0.63
255 0.2579181492328644 1.0 28.622813875584217 0.7266666666666667 0.6166666666666667 0.62
256 0.25865668058395386 1.0 28.62690152498796 0.7233333333333334 0.6166666666666667 0.63
257 0.2570034861564636 1.0 28.607700357300384 0.7233333333333334 0.6333333333333333 0.63
258 0.257150262594223 1.0 28.613398184281785 0.73 0.64 0.6366666666666667
259 0.2576644718647003 1.0 28.615877747477903 0.7266666666666667 0.64 0.62
260 0.2590600550174713 1.0 28.608494368712513 0.72 0.6366666666666667 0.63
261 0.25768807530403137 1.0 28.596937878880766 0.7266666666666667 0.6333333333333333 0.6233333333333333
262 0.25657108426094055 1.0 28.60476255269646 0.7233333333333334 0.64 0.6266666666666667
263 0.258160799741745 1.0 28.605294986059494 0.7266666666666667 0.63 0.62
264 0.25610947608947754 1.0 28.60222170018826 0.73 0.64 0.6233333333333333
265 0.2582516670227051 1.0 28.601216828958055 0.7166666666666667 0.6366666666666667 0.6233333333333333
266 0.257037490606308 1.0 28.596260654767693 0.7233333333333334 0.6533333333333333 0.6266666666666667
267 0.2584376037120819 1.0 28.59950014008809 0.7233333333333334 0.64 0.6333333333333333
268 0.25629615783691406 1.0 28.587199234254534 0.7333333333333334 0.6366666666666667 0.6266666666666667
269 0.2572629749774933 1.0 28.588095336904313 0.73 0.65 0.63
270 0.2572100758552551 1.0 28.59617500079423 0.7266666666666667 0.65 0.63
271 0.25711074471473694 1.0 28.58638479642107 0.72 0.6599999999999999 0.6266666666666667
272 0.2568436861038208 1.0 28.590223212053388 0.7133333333333334 0.65 0.63
273 0.2557660937309265 1.0 28.584765956427447 0.7266666666666667 0.6466666666666667 0.6333333333333333
274 0.255197137594223 1.0 28.580826740531784 0.7133333333333334 0.6433333333333333 0.6266666666666667
275 0.2565613389015198 1.0 28.57900375006945 0.7233333333333334 0.64 0.6266666666666667
276 0.256165474653244 1.0 28.572780353900505 0.7233333333333334 0.6533333333333333 0.6333333333333333
277 0.2565730810165405 1.0 28.56030323406504 0.7266666666666667 0.62 0.6333333333333333
278 0.25574904680252075 1.0 28.550943580002112 0.73 0.6433333333333333 0.63
279 0.25627601146698 1.0 28.54761363424522 0.73 0.6533333333333333 0.63
280 0.2569607198238373 1.0 28.54976178338671 0.73 0.65 0.6333333333333333
281 0.2553023099899292 1.0 28.546565866140345 0.72 0.64 0.6233333333333333
282 0.25676900148391724 1.0 28.552264066431317 0.7333333333333334 0.6599999999999999 0.6366666666666667
283 0.2568974792957306 1.0 28.545313406978767 0.72 0.6466666666666667 0.63
284 0.2559860050678253 1.0 28.546082513537925 0.7266666666666667 0.64 0.6333333333333333
285 0.2567255198955536 1.0 28.537144422781676 0.7233333333333334 0.6266666666666667 0.6333333333333333
286 0.2552477717399597 1.0 28.534819189035893 0.7266666666666667 0.65 0.63
287 0.2562275230884552 1.0 28.538791328861542 0.7266666666666667 0.6366666666666667 0.6333333333333333
288 0.2552788257598877 1.0 28.530969036157074 0.71 0.6599999999999999 0.63
289 0.2558157444000244 1.0 28.521682469748086 0.7333333333333334 0.6533333333333333 0.6366666666666667
290 0.25531044602394104 1.0 28.528543721444684 0.7266666666666667 0.6599999999999999 0.6366666666666667
291 0.2559716999530792 1.0 28.525941126671654 0.7366666666666667 0.6433333333333333 0.6333333333333333
292 0.25632521510124207 1.0 28.512881106901897 0.7333333333333334 0.6366666666666667 0.6366666666666667
293 0.25516650080680847 1.0 28.514076500629532 0.73 0.6366666666666667 0.6333333333333333
294 0.2543833553791046 1.0 28.513842457138043 0.7366666666666667 0.6633333333333333 0.6366666666666667
295 0.25478190183639526 1.0 28.51127519369672 0.73 0.6466666666666667 0.6366666666666667
296 0.2548358738422394 1.0 28.50622650174342 0.73 0.64 0.6333333333333333
297 0.25532466173171997 1.0 28.512856655321297 0.7333333333333334 0.6433333333333333 0.6333333333333333
298 0.25522157549858093 1.0 28.50939849142868 0.7433333333333334 0.6566666666666667 0.6266666666666667
299 0.2547970116138458 1.0 28.48401358377101 0.7333333333333334 0.64 0.6266666666666667
cur idx:  1
For watermark, PSNR: 28.495557843814403 SSIM: 0.97324604 LPIPS: 0.20546444 ACC: 1.0
For attacks, PSNR: 28.60776802946173 SSIM: 0.9736025 LPIPS: 0.20455496 ACC: 0.7366666666666667
0 0.36882948875427246 0.99 31.11134007041936 0.4733333333333334 0.4766666666666667 0.4666666666666667
1 0.3602812886238098 1.0 31.073715992110095 0.4966666666666667 0.4866666666666667 0.47
2 0.35480067133903503 1.0 31.111671979304628 0.5066666666666666 0.49 0.4833333333333333
3 0.34855926036834717 1.0 31.105343552167724 0.5233333333333333 0.4933333333333333 0.49
4 0.34612759947776794 1.0 31.142860444714632 0.53 0.48 0.5
5 0.3425613045692444 1.0 31.12828297422546 0.54 0.48 0.51
6 0.34001922607421875 1.0 31.10219131970019 0.54 0.4966666666666667 0.51
7 0.3366503119468689 1.0 31.06083932835371 0.5533333333333333 0.5166666666666666 0.5133333333333333
8 0.33569028973579407 1.0 31.048780345865 0.5566666666666666 0.4833333333333333 0.5133333333333333
9 0.3331243395805359 1.0 31.02289572871076 0.56 0.4966666666666667 0.5166666666666666
10 0.3316654860973358 1.0 30.973064196071704 0.5633333333333334 0.4966666666666667 0.5166666666666666
11 0.33287471532821655 1.0 30.94266698837413 0.5666666666666667 0.48 0.5166666666666666
12 0.32809290289878845 1.0 30.899597481159464 0.5700000000000001 0.52 0.5166666666666666
13 0.32785382866859436 1.0 30.859428352258732 0.5733333333333333 0.4966666666666667 0.5166666666666666
14 0.32581764459609985 1.0 30.829611721193437 0.5766666666666667 0.5066666666666666 0.52
15 0.32294410467147827 1.0 30.77674364857554 0.5800000000000001 0.51 0.5133333333333333
16 0.3238981366157532 1.0 30.749505643937734 0.5800000000000001 0.4933333333333333 0.52
17 0.3220832943916321 1.0 30.70622731769135 0.5800000000000001 0.52 0.5166666666666666
18 0.31937313079833984 1.0 30.68896521347455 0.5900000000000001 0.53 0.5233333333333333
19 0.3198620080947876 1.0 30.641341098252607 0.6 0.5066666666666666 0.5266666666666666
20 0.3184072971343994 1.0 30.61447391320696 0.5833333333333333 0.5266666666666666 0.5233333333333333
21 0.3184588849544525 1.0 30.56392598722649 0.6033333333333333 0.5166666666666666 0.5266666666666666
22 0.3171045780181885 1.0 30.534974449881314 0.5866666666666667 0.5133333333333333 0.5266666666666666
23 0.3164982497692108 1.0 30.46758380499015 0.5933333333333333 0.5166666666666666 0.5266666666666666
24 0.3139089047908783 1.0 30.44898905798234 0.61 0.5333333333333333 0.5233333333333333
25 0.3148893117904663 1.0 30.39840014855948 0.6166666666666667 0.53 0.5366666666666666
26 0.3121989965438843 1.0 30.362607364184036 0.6066666666666667 0.51 0.5333333333333333
27 0.31145763397216797 1.0 30.30168307450853 0.62 0.5266666666666666 0.53
28 0.31076231598854065 1.0 30.296432864668247 0.6233333333333333 0.5266666666666666 0.5366666666666666
29 0.30952438712120056 1.0 30.24999035508193 0.62 0.5466666666666666 0.5366666666666666
30 0.30890482664108276 1.0 30.230633541440213 0.6233333333333333 0.5366666666666666 0.54
31 0.3082403242588043 1.0 30.17717171858876 0.6266666666666667 0.5466666666666666 0.54
32 0.30908501148223877 1.0 30.155645187442175 0.6233333333333333 0.5533333333333333 0.5433333333333333
33 0.3079596757888794 1.0 30.091572196397752 0.63 0.56 0.54
34 0.3080812394618988 1.0 30.08518536910635 0.6366666666666667 0.5566666666666666 0.5333333333333333
35 0.3060157001018524 1.0 30.04180912699741 0.6366666666666667 0.5333333333333333 0.5433333333333333
36 0.30533796548843384 1.0 30.032778310849938 0.64 0.55 0.54
37 0.3056237995624542 1.0 29.974382015078803 0.6366666666666667 0.5333333333333333 0.5366666666666666
38 0.30226248502731323 1.0 29.963722675621447 0.6433333333333333 0.5566666666666666 0.5433333333333333
39 0.3025924265384674 1.0 29.92311499088686 0.6333333333333333 0.5433333333333333 0.54
40 0.30261439085006714 1.0 29.907988894309984 0.6433333333333333 0.5566666666666666 0.5466666666666666
41 0.30189284682273865 1.0 29.859887188030623 0.6466666666666667 0.5533333333333333 0.5433333333333333
42 0.30118346214294434 1.0 29.84947745090389 0.6599999999999999 0.5666666666666667 0.5533333333333333
43 0.30175164341926575 1.0 29.80604917507413 0.6566666666666667 0.55 0.5466666666666666
44 0.2994418442249298 1.0 29.789511576079725 0.6566666666666667 0.5666666666666667 0.5566666666666666
45 0.2998107671737671 1.0 29.754027472321326 0.6566666666666667 0.5533333333333333 0.5566666666666666
46 0.2991427481174469 1.0 29.749825848974837 0.6633333333333333 0.5533333333333333 0.5466666666666666
47 0.2989158630371094 1.0 29.6919249038104 0.6733333333333333 0.5733333333333333 0.55
48 0.29717817902565 1.0 29.676923283977963 0.6699999999999999 0.5800000000000001 0.55
49 0.2973310351371765 1.0 29.647079552938344 0.6699999999999999 0.5533333333333333 0.55
50 0.296705424785614 1.0 29.62031657006284 0.6633333333333333 0.5833333333333333 0.5433333333333333
51 0.29768985509872437 1.0 29.58999883894656 0.6733333333333333 0.5866666666666667 0.55
52 0.29611021280288696 1.0 29.572204429770224 0.6699999999999999 0.5800000000000001 0.5533333333333333
53 0.2955726385116577 1.0 29.54441864236054 0.6666666666666667 0.5700000000000001 0.5533333333333333
54 0.2949559688568115 1.0 29.531436760977265 0.6733333333333333 0.5566666666666666 0.5533333333333333
55 0.29415246844291687 1.0 29.50247120286853 0.6833333333333333 0.5566666666666666 0.5566666666666666
56 0.2940484285354614 1.0 29.496891521644798 0.6766666666666667 0.5666666666666667 0.5533333333333333
57 0.2936360538005829 1.0 29.46627604022792 0.6733333333333333 0.5800000000000001 0.5566666666666666
58 0.29367080330848694 1.0 29.448541772349675 0.6666666666666667 0.5666666666666667 0.55
59 0.2907205820083618 1.0 29.43131728409241 0.6799999999999999 0.5833333333333333 0.5466666666666666
60 0.2908696234226227 1.0 29.40893948845683 0.6799999999999999 0.5700000000000001 0.5633333333333334
61 0.29264721274375916 1.0 29.39014068914905 0.6833333333333333 0.5733333333333333 0.5533333333333333
62 0.29228612780570984 1.0 29.377322029166972 0.6833333333333333 0.56 0.5566666666666666
63 0.2906552851200104 1.0 29.353662228254773 0.6833333333333333 0.5633333333333334 0.5566666666666666
64 0.2891862690448761 1.0 29.337387800217027 0.6933333333333334 0.5700000000000001 0.55
65 0.2902316451072693 1.0 29.31250679466725 0.6766666666666667 0.5866666666666667 0.5533333333333333
66 0.2893429100513458 1.0 29.304104899839324 0.6866666666666666 0.5866666666666667 0.5566666666666666
67 0.29109326004981995 1.0 29.28170513781094 0.6933333333333334 0.5833333333333333 0.56
68 0.2878075838088989 1.0 29.262192440353346 0.6833333333333333 0.5866666666666667 0.5633333333333334
69 0.2890426516532898 1.0 29.238352867553637 0.6833333333333333 0.5800000000000001 0.5633333333333334
70 0.2866034507751465 1.0 29.232542158036697 0.6866666666666666 0.5933333333333333 0.5533333333333333
71 0.287040114402771 1.0 29.212352225087376 0.7 0.5800000000000001 0.5633333333333334
72 0.2860487997531891 1.0 29.205361961715187 0.6933333333333334 0.5733333333333333 0.5633333333333334
73 0.2863085865974426 1.0 29.204612519226423 0.6866666666666666 0.5833333333333333 0.56
74 0.2879325747489929 1.0 29.179530675295858 0.6933333333333334 0.5766666666666667 0.5766666666666667
75 0.2862509787082672 1.0 29.15944424367062 0.6966666666666667 0.5866666666666667 0.5666666666666667
76 0.2867039442062378 1.0 29.150521371202753 0.6933333333333334 0.5833333333333333 0.55
77 0.28470614552497864 1.0 29.13320315142816 0.6933333333333334 0.6 0.5633333333333334
78 0.2845487892627716 1.0 29.132484617362934 0.6966666666666667 0.6 0.5633333333333334
79 0.28404951095581055 1.0 29.100041095903716 0.6966666666666667 0.5800000000000001 0.5666666666666667
80 0.28439950942993164 1.0 29.11312949798329 0.6933333333333334 0.5933333333333333 0.5766666666666667
81 0.28452566266059875 1.0 29.085335803907412 0.6966666666666667 0.5666666666666667 0.5733333333333333
82 0.285083144903183 1.0 29.086871901423056 0.7033333333333334 0.6066666666666667 0.5733333333333333
83 0.28394538164138794 1.0 29.068925351992675 0.6966666666666667 0.6 0.5700000000000001
84 0.2835351824760437 1.0 29.050460544441 0.6933333333333334 0.5900000000000001 0.5733333333333333
85 0.28207454085350037 1.0 29.037194493338653 0.7033333333333334 0.6 0.5800000000000001
86 0.2831566631793976 1.0 29.036239213225777 0.7033333333333334 0.5900000000000001 0.5733333333333333
87 0.2833843231201172 1.0 29.024105218052924 0.7033333333333334 0.6066666666666667 0.5733333333333333
88 0.2833128571510315 1.0 29.014445101683602 0.7033333333333334 0.5933333333333333 0.5700000000000001
89 0.2832571566104889 1.0 29.00351166340819 0.7066666666666667 0.6033333333333333 0.5766666666666667
90 0.282217800617218 1.0 29.00878105464026 0.7033333333333334 0.5933333333333333 0.5800000000000001
91 0.28126904368400574 1.0 28.98708471879907 0.6966666666666667 0.5966666666666667 0.5733333333333333
92 0.28158363699913025 1.0 28.987330180901566 0.7 0.6033333333333333 0.5800000000000001
93 0.28092077374458313 1.0 28.96182752444154 0.7 0.5866666666666667 0.5700000000000001
94 0.2813476622104645 1.0 28.976662841591168 0.6966666666666667 0.5833333333333333 0.5800000000000001
95 0.2798278331756592 1.0 28.96069179944817 0.7066666666666667 0.6133333333333333 0.5800000000000001
96 0.27916353940963745 1.0 28.95727658193921 0.7066666666666667 0.6166666666666667 0.5800000000000001
97 0.27870476245880127 1.0 28.940628818757745 0.7 0.6233333333333333 0.5733333333333333
98 0.27931898832321167 1.0 28.93833571054788 0.7033333333333334 0.6066666666666667 0.5766666666666667
99 0.2789926528930664 1.0 28.927567669161807 0.7033333333333334 0.5900000000000001 0.5800000000000001
100 0.27987590432167053 1.0 28.919928494783665 0.7066666666666667 0.61 0.5866666666666667
101 0.27785730361938477 1.0 28.907406513917824 0.7033333333333334 0.6033333333333333 0.5766666666666667
102 0.2785743176937103 1.0 28.901775717864773 0.7133333333333334 0.63 0.5766666666666667
103 0.27897909283638 1.0 28.889450082008423 0.7066666666666667 0.62 0.5733333333333333
104 0.2782494127750397 1.0 28.889927910822244 0.7133333333333334 0.5966666666666667 0.5733333333333333
105 0.2796434760093689 1.0 28.87543021848314 0.7133333333333334 0.6033333333333333 0.5833333333333333
106 0.27877897024154663 1.0 28.871041538668933 0.7133333333333334 0.6033333333333333 0.5833333333333333
107 0.27832359075546265 1.0 28.861632578409075 0.7066666666666667 0.6033333333333333 0.5766666666666667
108 0.27776452898979187 1.0 28.860515755154317 0.7033333333333334 0.6066666666666667 0.5833333333333333
109 0.27698782086372375 1.0 28.851488377538477 0.71 0.6133333333333333 0.5833333333333333
110 0.27605435252189636 1.0 28.835848259937652 0.7033333333333334 0.6133333333333333 0.5800000000000001
111 0.27789822220802307 1.0 28.828355044907138 0.7133333333333334 0.6066666666666667 0.5866666666666667
112 0.27678072452545166 1.0 28.823823742933484 0.7033333333333334 0.6133333333333333 0.5866666666666667
113 0.2764076888561249 1.0 28.82067724523217 0.7066666666666667 0.6233333333333333 0.5866666666666667
114 0.2768646478652954 1.0 28.828616538636762 0.7 0.6033333333333333 0.5866666666666667
115 0.27588754892349243 1.0 28.811103400760043 0.7066666666666667 0.62 0.5866666666666667
116 0.2751803696155548 1.0 28.798428493314972 0.7066666666666667 0.63 0.5833333333333333
117 0.27536067366600037 1.0 28.791948645033795 0.71 0.62 0.5866666666666667
118 0.27554595470428467 1.0 28.775911538453244 0.71 0.6066666666666667 0.5900000000000001
119 0.2748153805732727 1.0 28.763770662700328 0.7133333333333334 0.6233333333333333 0.5833333333333333
120 0.2754221260547638 1.0 28.772677527512606 0.7033333333333334 0.6166666666666667 0.5866666666666667
121 0.2748732268810272 1.0 28.753477627109795 0.71 0.61 0.5866666666666667
122 0.2748620808124542 1.0 28.75847344921198 0.7033333333333334 0.6033333333333333 0.5933333333333333
123 0.27400320768356323 1.0 28.74032751627955 0.71 0.64 0.5866666666666667
124 0.2727060914039612 1.0 28.736893016875786 0.7066666666666667 0.6333333333333333 0.5900000000000001
125 0.2736538350582123 1.0 28.71883824968024 0.7066666666666667 0.6033333333333333 0.5900000000000001
126 0.2738793194293976 1.0 28.720960623471463 0.7066666666666667 0.6166666666666667 0.5866666666666667
127 0.27420634031295776 1.0 28.71774586575803 0.7133333333333334 0.62 0.5833333333333333
128 0.27243196964263916 1.0 28.71190867997604 0.7166666666666667 0.65 0.5833333333333333
129 0.27362552285194397 1.0 28.698818763912858 0.71 0.6366666666666667 0.5833333333333333
130 0.273645281791687 1.0 28.70354112801072 0.7166666666666667 0.6066666666666667 0.5966666666666667
131 0.2741062045097351 1.0 28.707334435128892 0.7133333333333334 0.63 0.5900000000000001
132 0.27274736762046814 1.0 28.698885118641876 0.71 0.6133333333333333 0.5900000000000001
133 0.274564653635025 1.0 28.693626157789875 0.7133333333333334 0.6266666666666667 0.5900000000000001
134 0.27330824732780457 1.0 28.69673962561859 0.7166666666666667 0.63 0.6
135 0.2726750075817108 1.0 28.681399034920542 0.7133333333333334 0.6166666666666667 0.5900000000000001
136 0.2722693383693695 1.0 28.67495388750667 0.7066666666666667 0.6166666666666667 0.5866666666666667
137 0.2728239893913269 1.0 28.659665754166536 0.71 0.62 0.5833333333333333
138 0.27130579948425293 1.0 28.662146365410848 0.72 0.6533333333333333 0.5900000000000001
139 0.27158525586128235 1.0 28.662723517202412 0.7166666666666667 0.6233333333333333 0.5966666666666667
140 0.27216869592666626 1.0 28.65724566250848 0.7266666666666667 0.62 0.5966666666666667
141 0.2715550661087036 1.0 28.645895697604033 0.72 0.61 0.5833333333333333
142 0.2716205418109894 1.0 28.64417322095044 0.7166666666666667 0.6233333333333333 0.5900000000000001
143 0.27164626121520996 1.0 28.632539759942937 0.7033333333333334 0.62 0.6
144 0.2716301381587982 1.0 28.62854037581746 0.72 0.6166666666666667 0.5966666666666667
145 0.2701561152935028 1.0 28.618619124398062 0.7133333333333334 0.6266666666666667 0.5933333333333333
146 0.27108776569366455 1.0 28.617449857649767 0.7166666666666667 0.6266666666666667 0.5900000000000001
147 0.27180272340774536 1.0 28.599769763799063 0.7166666666666667 0.6133333333333333 0.5900000000000001
148 0.2707379162311554 1.0 28.60734869301711 0.72 0.6133333333333333 0.6066666666666667
149 0.2719704508781433 1.0 28.604103763937005 0.7133333333333334 0.6266666666666667 0.5933333333333333
150 0.2727295160293579 1.0 28.605662246267578 0.72 0.62 0.5900000000000001
151 0.269812673330307 1.0 28.591321053204798 0.7133333333333334 0.62 0.6
152 0.2705121338367462 1.0 28.578149884863073 0.7233333333333334 0.63 0.5966666666666667
153 0.27029386162757874 1.0 28.580096256249377 0.72 0.6366666666666667 0.5900000000000001
154 0.2699738144874573 1.0 28.583543256225532 0.7166666666666667 0.6333333333333333 0.5933333333333333
155 0.2703440487384796 1.0 28.56081891828208 0.7266666666666667 0.6266666666666667 0.5933333333333333
156 0.26932641863822937 1.0 28.563129703928087 0.72 0.6366666666666667 0.5933333333333333
157 0.2707318961620331 1.0 28.549719046903324 0.7166666666666667 0.6233333333333333 0.6033333333333333
158 0.270729660987854 1.0 28.54743962313077 0.7233333333333334 0.6233333333333333 0.5966666666666667
159 0.2693168520927429 1.0 28.548739467092872 0.7166666666666667 0.63 0.5966666666666667
160 0.26993581652641296 1.0 28.540449010121236 0.7233333333333334 0.6133333333333333 0.5966666666666667
161 0.27048248052597046 1.0 28.53408045545249 0.7266666666666667 0.6266666666666667 0.6
162 0.26894915103912354 1.0 28.5260458255718 0.7166666666666667 0.6333333333333333 0.5966666666666667
163 0.26876702904701233 1.0 28.524159613142402 0.71 0.6333333333333333 0.6033333333333333
164 0.2694863975048065 1.0 28.515054922282882 0.72 0.6333333333333333 0.5966666666666667
165 0.2716550827026367 1.0 28.512072024238545 0.72 0.6266666666666667 0.5966666666666667
166 0.26969075202941895 1.0 28.50072894912282 0.73 0.6233333333333333 0.5900000000000001
167 0.26930782198905945 1.0 28.505324645584878 0.72 0.62 0.6
168 0.26939886808395386 1.0 28.49528331276884 0.7333333333333334 0.6133333333333333 0.6033333333333333
169 0.26898282766342163 1.0 28.493677167769075 0.7233333333333334 0.63 0.6033333333333333
170 0.26924747228622437 1.0 28.488718491661377 0.7233333333333334 0.63 0.5933333333333333
171 0.26902109384536743 1.0 28.47016535982717 0.7233333333333334 0.6366666666666667 0.5933333333333333
172 0.2684774696826935 1.0 28.476552718000704 0.7333333333333334 0.61 0.6033333333333333
173 0.26751837134361267 1.0 28.4656610497912 0.72 0.6433333333333333 0.6
174 0.26979920268058777 1.0 28.472718915459456 0.7166666666666667 0.6133333333333333 0.5933333333333333
175 0.26857244968414307 1.0 28.459559969105474 0.72 0.6333333333333333 0.5966666666666667
176 0.2673601806163788 1.0 28.445090158770512 0.7166666666666667 0.6366666666666667 0.6
177 0.26855406165122986 1.0 28.45422102621585 0.7266666666666667 0.62 0.6
178 0.26890042424201965 1.0 28.452884135484773 0.72 0.63 0.6
179 0.26687368750572205 1.0 28.434381891128414 0.72 0.6233333333333333 0.6033333333333333
180 0.26692384481430054 1.0 28.44130794819339 0.7233333333333334 0.6266666666666667 0.6
181 0.2665064334869385 1.0 28.425307491580835 0.7233333333333334 0.6366666666666667 0.5966666666666667
182 0.26595261693000793 1.0 28.42348338713802 0.7266666666666667 0.6366666666666667 0.6033333333333333
183 0.2668564021587372 1.0 28.42139684945398 0.7233333333333334 0.62 0.6033333333333333
184 0.26608455181121826 1.0 28.43493722297156 0.73 0.64 0.5933333333333333
185 0.2661193013191223 1.0 28.40919737008782 0.7233333333333334 0.6566666666666667 0.5966666666666667
186 0.2667229175567627 1.0 28.418559248715827 0.7333333333333334 0.63 0.6
187 0.26711153984069824 1.0 28.401001006341097 0.7266666666666667 0.6433333333333333 0.5966666666666667
188 0.2669003903865814 1.0 28.409355276377553 0.7333333333333334 0.64 0.6
189 0.2662864923477173 1.0 28.40765525101741 0.73 0.61 0.6
190 0.2656286358833313 1.0 28.408555408701748 0.7333333333333334 0.6333333333333333 0.5933333333333333
191 0.2649550437927246 1.0 28.395859351649385 0.7266666666666667 0.6333333333333333 0.5900000000000001
192 0.2674179971218109 1.0 28.410049932308738 0.7233333333333334 0.6333333333333333 0.6
193 0.2679003179073334 1.0 28.395571245884604 0.7333333333333334 0.6133333333333333 0.5966666666666667
194 0.26543542742729187 1.0 28.403217398130206 0.73 0.63 0.6033333333333333
195 0.2667163610458374 1.0 28.396883688721303 0.7366666666666667 0.6266666666666667 0.6
196 0.26575711369514465 1.0 28.397540240877248 0.74 0.64 0.5966666666666667
197 0.26595932245254517 1.0 28.388111463324147 0.73 0.6133333333333333 0.6
198 0.265325129032135 1.0 28.38554680345723 0.7433333333333334 0.6333333333333333 0.6033333333333333
199 0.26624539494514465 1.0 28.375990893546312 0.73 0.64 0.6033333333333333
200 0.26623591780662537 1.0 28.380095094073077 0.7266666666666667 0.6266666666666667 0.6066666666666667
201 0.26578402519226074 1.0 28.373686870029424 0.74 0.6333333333333333 0.6033333333333333
202 0.2663407027721405 1.0 28.374269029499047 0.73 0.63 0.6033333333333333
203 0.2643199563026428 1.0 28.35948227940643 0.74 0.64 0.6
204 0.2650070786476135 1.0 28.36261397992098 0.7266666666666667 0.6433333333333333 0.6
205 0.26573070883750916 1.0 28.35884014899365 0.7366666666666667 0.6166666666666667 0.6066666666666667
206 0.265553742647171 1.0 28.36360291168274 0.7366666666666667 0.64 0.6033333333333333
207 0.2651249170303345 1.0 28.357809678717615 0.74 0.6333333333333333 0.6033333333333333
208 0.2649359703063965 1.0 28.362325376136926 0.7333333333333334 0.6433333333333333 0.6033333333333333
209 0.2651022672653198 1.0 28.353149944366187 0.7433333333333334 0.6333333333333333 0.6033333333333333
210 0.2653651833534241 1.0 28.350383738498937 0.7366666666666667 0.6333333333333333 0.6
211 0.2653442621231079 1.0 28.344111019659984 0.74 0.6366666666666667 0.6
212 0.2644404470920563 1.0 28.343766977550562 0.74 0.6666666666666667 0.6033333333333333
213 0.26457592844963074 1.0 28.339897757908467 0.74 0.63 0.6
214 0.26582878828048706 1.0 28.350670217001863 0.7433333333333334 0.6433333333333333 0.6066666666666667
215 0.26402175426483154 1.0 28.35193378913386 0.7366666666666667 0.6266666666666667 0.6033333333333333
216 0.26479387283325195 1.0 28.34532671333294 0.7366666666666667 0.63 0.6033333333333333
217 0.26437243819236755 1.0 28.345107831141046 0.7366666666666667 0.64 0.6033333333333333
218 0.2628938555717468 1.0 28.343385770350924 0.7466666666666666 0.6433333333333333 0.61
219 0.2636956572532654 1.0 28.33368956431847 0.7433333333333334 0.65 0.6066666666666667
220 0.26491451263427734 1.0 28.333969288285665 0.7466666666666666 0.6433333333333333 0.6
221 0.2634598910808563 1.0 28.319957359382858 0.74 0.6433333333333333 0.6066666666666667
222 0.2629607617855072 1.0 28.314802897277104 0.7466666666666666 0.6599999999999999 0.6066666666666667
223 0.2649018168449402 1.0 28.307037847871847 0.75 0.6366666666666667 0.61
224 0.2640049159526825 1.0 28.312726255217058 0.74 0.6366666666666667 0.6133333333333333
225 0.26415708661079407 1.0 28.300631478922877 0.7433333333333334 0.6266666666666667 0.6033333333333333
226 0.2641013264656067 1.0 28.311865737731917 0.7366666666666667 0.6466666666666667 0.6033333333333333
227 0.2623622715473175 1.0 28.28788828192817 0.7533333333333333 0.6366666666666667 0.6033333333333333
228 0.26428544521331787 1.0 28.301575217636756 0.74 0.6233333333333333 0.6066666666666667
229 0.2623423635959625 1.0 28.290506292923176 0.7533333333333333 0.6233333333333333 0.6033333333333333
230 0.26409292221069336 1.0 28.29806056532318 0.7433333333333334 0.6333333333333333 0.5966666666666667
231 0.2638695240020752 1.0 28.283299101385605 0.7333333333333334 0.6233333333333333 0.6066666666666667
232 0.26205602288246155 1.0 28.277404251809276 0.7466666666666666 0.6566666666666667 0.61
233 0.262532502412796 1.0 28.293692852886508 0.7433333333333334 0.65 0.6
234 0.2645958364009857 1.0 28.296615619330897 0.7333333333333334 0.6333333333333333 0.62
235 0.26293009519577026 1.0 28.273353949348106 0.7466666666666666 0.64 0.6033333333333333
236 0.2641911804676056 1.0 28.28238394242706 0.7466666666666666 0.6333333333333333 0.6066666666666667
237 0.2622147500514984 1.0 28.273814963637413 0.7466666666666666 0.6533333333333333 0.6066666666666667
238 0.2643044888973236 1.0 28.283041140161764 0.7366666666666667 0.6166666666666667 0.61
239 0.2622411847114563 1.0 28.27071179181737 0.7433333333333334 0.6599999999999999 0.61
240 0.26346108317375183 1.0 28.265093032597278 0.74 0.6466666666666667 0.61
241 0.26300737261772156 1.0 28.26460979153557 0.75 0.63 0.61
242 0.261854350566864 1.0 28.267539015917833 0.7366666666666667 0.65 0.61
243 0.26317787170410156 1.0 28.259913351251363 0.7533333333333333 0.64 0.6033333333333333
244 0.26379770040512085 1.0 28.27350558015258 0.75 0.6433333333333333 0.61
245 0.2624667286872864 1.0 28.24431069922983 0.7466666666666666 0.6466666666666667 0.6166666666666667
246 0.26429229974746704 1.0 28.268689373676594 0.7433333333333334 0.64 0.6133333333333333
247 0.26255160570144653 1.0 28.248163548295395 0.7566666666666666 0.6366666666666667 0.6066666666666667
248 0.26289433240890503 1.0 28.249579937450953 0.75 0.64 0.6133333333333333
249 0.26318222284317017 1.0 28.237374026218006 0.7366666666666667 0.6433333333333333 0.6066666666666667
250 0.2619618773460388 1.0 28.236136692389223 0.75 0.6533333333333333 0.6066666666666667
251 0.2624194324016571 1.0 28.227321143777424 0.75 0.6466666666666667 0.61
252 0.2625400424003601 1.0 28.23819979398715 0.75 0.6366666666666667 0.6033333333333333
253 0.2623101770877838 1.0 28.234211014853962 0.74 0.6366666666666667 0.6133333333333333
254 0.2618182897567749 1.0 28.239780211008735 0.7533333333333333 0.63 0.6066666666666667
255 0.26176148653030396 1.0 28.220306444534714 0.7533333333333333 0.6533333333333333 0.6166666666666667
256 0.2621650993824005 1.0 28.239549077939202 0.75 0.65 0.61
257 0.26202818751335144 1.0 28.21826663379282 0.75 0.6466666666666667 0.6033333333333333
258 0.26308444142341614 1.0 28.225864029377348 0.7533333333333333 0.6466666666666667 0.6133333333333333
259 0.2630695402622223 1.0 28.216351465891307 0.7466666666666666 0.6266666666666667 0.6033333333333333
260 0.26165953278541565 1.0 28.214494998024996 0.75 0.64 0.6166666666666667
261 0.26142218708992004 1.0 28.212025018316954 0.7533333333333333 0.6233333333333333 0.6133333333333333
262 0.2625996172428131 1.0 28.218637528309106 0.75 0.6433333333333333 0.6133333333333333
263 0.26252448558807373 1.0 28.205196380989026 0.75 0.6066666666666667 0.6166666666666667
264 0.2609611451625824 1.0 28.21275968008644 0.75 0.6466666666666667 0.61
265 0.2617873251438141 1.0 28.206926334213172 0.7466666666666666 0.65 0.6166666666666667
266 0.2610662579536438 1.0 28.20238535310451 0.76 0.6433333333333333 0.6133333333333333
267 0.2619132697582245 1.0 28.193726593914775 0.7433333333333334 0.63 0.62
268 0.2606087923049927 1.0 28.20570182306779 0.75 0.6366666666666667 0.61
269 0.26012730598449707 1.0 28.21496433901741 0.76 0.6566666666666667 0.61
270 0.2620027959346771 1.0 28.215873032604037 0.7533333333333333 0.6466666666666667 0.6166666666666667
271 0.2609054744243622 1.0 28.218516523693623 0.75 0.6333333333333333 0.61
272 0.26055270433425903 1.0 28.22121385160049 0.75 0.65 0.6133333333333333
273 0.2605432868003845 1.0 28.20658831556187 0.75 0.6433333333333333 0.6166666666666667
274 0.26287785172462463 1.0 28.20930610582352 0.75 0.63 0.6133333333333333
275 0.2616626024246216 1.0 28.19865370118094 0.7466666666666666 0.6266666666666667 0.6133333333333333
276 0.2620255947113037 1.0 28.187009589170525 0.76 0.62 0.6133333333333333
277 0.2606303095817566 1.0 28.1852732040105 0.7533333333333333 0.6366666666666667 0.62
278 0.2600122094154358 1.0 28.194085494624453 0.7566666666666666 0.6566666666666667 0.6133333333333333
279 0.2603839039802551 1.0 28.17380888780042 0.7533333333333333 0.64 0.62
280 0.2594062089920044 1.0 28.183095411589456 0.7566666666666666 0.6599999999999999 0.61
281 0.2606191039085388 1.0 28.161474014398472 0.7566666666666666 0.6433333333333333 0.6166666666666667
282 0.2597314417362213 1.0 28.173658713490617 0.7566666666666666 0.65 0.61
283 0.26071789860725403 1.0 28.16593587488677 0.7566666666666666 0.65 0.6166666666666667
284 0.259921669960022 1.0 28.170326143245973 0.76 0.6466666666666667 0.62
285 0.25954747200012207 1.0 28.16503763031918 0.7533333333333333 0.64 0.6133333333333333
286 0.25926607847213745 1.0 28.159962278961196 0.7633333333333333 0.6566666666666667 0.62
287 0.26163873076438904 1.0 28.15989225486742 0.7566666666666666 0.63 0.6066666666666667
288 0.2603684663772583 1.0 28.173262746286394 0.7533333333333333 0.64 0.61
289 0.2592868208885193 1.0 28.170042171110893 0.7533333333333333 0.6599999999999999 0.6166666666666667
290 0.26057425141334534 1.0 28.166913733293065 0.7566666666666666 0.63 0.62
291 0.26102229952812195 1.0 28.17028695156344 0.76 0.6466666666666667 0.62
292 0.2603206932544708 1.0 28.172334872849156 0.7566666666666666 0.6366666666666667 0.62
293 0.260212779045105 1.0 28.166768986199283 0.75 0.6433333333333333 0.6066666666666667
294 0.2593522071838379 1.0 28.162753202828167 0.76 0.6433333333333333 0.6333333333333333
295 0.2598937451839447 1.0 28.152197733861666 0.7566666666666666 0.6566666666666667 0.62
296 0.2589181363582611 1.0 28.14475568214114 0.7633333333333333 0.6433333333333333 0.6166666666666667
297 0.2599901854991913 1.0 28.14522914636118 0.7566666666666666 0.6433333333333333 0.61
298 0.2587859332561493 1.0 28.150364767511114 0.7633333333333333 0.64 0.6266666666666667
299 0.2595081329345703 1.0 28.145549154294315 0.7566666666666666 0.6466666666666667 0.6166666666666667
