Setting up [LPIPS] perceptual loss: trunk [vgg], v[0.1], spatial [off]
Loading model from: /home/cjh/anaconda3/lib/python3.11/site-packages/lpips/weights/v0.1/vgg.pth
Finished loading model
Diffuse attack initialized with noise step 6 and use prompt 0
method: wevade
0 0.34760889410972595 0.9866666666666667 31.15865783310758 0.5366666666666666 0.52 0.5333333333333333
1 0.3438234031200409 0.99 31.075595849506744 0.5433333333333333 0.52 0.5233333333333333
2 0.33816468715667725 0.9966666666666667 31.000348519066886 0.54 0.5266666666666666 0.53
3 0.3363526463508606 1.0 30.92702754530338 0.5366666666666666 0.51 0.53
4 0.3318420350551605 1.0 30.856133126868926 0.54 0.5266666666666666 0.54
5 0.3279802203178406 1.0 30.80232003874968 0.5433333333333333 0.5166666666666666 0.5466666666666666
6 0.3256250321865082 1.0 30.7314021367741 0.55 0.53 0.5433333333333333
7 0.3225115239620209 1.0 30.660453612067244 0.5533333333333333 0.54 0.5733333333333333
8 0.3212411105632782 1.0 30.59984296939371 0.5566666666666666 0.52 0.5433333333333333
9 0.3188677728176117 1.0 30.54587770463788 0.55 0.5366666666666666 0.55
10 0.317777156829834 1.0 30.47832665479462 0.5566666666666666 0.5266666666666666 0.5566666666666666
11 0.3169665038585663 1.0 30.418438034968453 0.56 0.52 0.5566666666666666
12 0.314688116312027 1.0 30.353414424229793 0.5666666666666667 0.5233333333333333 0.54
13 0.31251680850982666 1.0 30.291670124635566 0.5700000000000001 0.5366666666666666 0.5666666666666667
14 0.3120903968811035 1.0 30.23207364031738 0.5733333333333333 0.5333333333333333 0.54
15 0.309085875749588 1.0 30.170936186263866 0.5733333333333333 0.53 0.5633333333333334
16 0.30997923016548157 1.0 30.114462268587125 0.5800000000000001 0.53 0.5466666666666666
17 0.3068884015083313 1.0 30.05672328348532 0.5733333333333333 0.5266666666666666 0.5700000000000001
18 0.306346595287323 1.0 30.008525575319 0.5733333333333333 0.54 0.5566666666666666
19 0.3062560558319092 1.0 29.94362434529461 0.5700000000000001 0.5433333333333333 0.5766666666666667
20 0.3057348132133484 1.0 29.892434383724293 0.5800000000000001 0.53 0.5766666666666667
21 0.3035568594932556 1.0 29.83160598266121 0.5766666666666667 0.54 0.5866666666666667
22 0.2999616861343384 1.0 29.777451987968277 0.5833333333333333 0.5466666666666666 0.5933333333333333
23 0.3008677065372467 1.0 29.717081650100848 0.5866666666666667 0.5466666666666666 0.6133333333333333
24 0.2960229218006134 1.0 29.672936572114573 0.5766666666666667 0.5566666666666666 0.6233333333333333
25 0.2994907796382904 1.0 29.624691077099357 0.5800000000000001 0.54 0.6066666666666667
26 0.29668766260147095 1.0 29.585806778919324 0.5800000000000001 0.54 0.6333333333333333
27 0.2966739535331726 1.0 29.54597354304882 0.5866666666666667 0.5533333333333333 0.62
28 0.2964400351047516 1.0 29.505859107837132 0.5766666666666667 0.55 0.5933333333333333
29 0.2969364821910858 1.0 29.4723394829812 0.5800000000000001 0.5566666666666666 0.5833333333333333
30 0.29375141859054565 1.0 29.44004965028146 0.5800000000000001 0.5533333333333333 0.61
31 0.2935965359210968 1.0 29.40208282965859 0.5833333333333333 0.5533333333333333 0.6133333333333333
32 0.2931268513202667 1.0 29.36816049250437 0.5800000000000001 0.5800000000000001 0.6133333333333333
33 0.29611504077911377 1.0 29.331539321541015 0.5866666666666667 0.5366666666666666 0.61
34 0.29390618205070496 1.0 29.29743814031938 0.5833333333333333 0.5633333333333334 0.6266666666666667
35 0.29201579093933105 1.0 29.256606793887595 0.5833333333333333 0.56 0.6
36 0.2932663559913635 1.0 29.227191259770745 0.5833333333333333 0.5533333333333333 0.5966666666666667
37 0.29009273648262024 1.0 29.201752407743754 0.5833333333333333 0.5666666666666667 0.6133333333333333
38 0.2915070652961731 1.0 29.172899914569538 0.5866666666666667 0.5633333333333334 0.6
39 0.2912770211696625 1.0 29.140338825521283 0.5833333333333333 0.5433333333333333 0.6266666666666667
40 0.29151251912117004 1.0 29.114629706242383 0.5866666666666667 0.55 0.6133333333333333
41 0.29011422395706177 1.0 29.0993324192937 0.5933333333333333 0.5733333333333333 0.6333333333333333
42 0.2905978858470917 1.0 29.06432135066155 0.5933333333333333 0.5333333333333333 0.62
43 0.2883777618408203 1.0 29.027606489139263 0.5933333333333333 0.5533333333333333 0.6433333333333333
44 0.2890010476112366 1.0 29.01059382567523 0.5900000000000001 0.55 0.6366666666666667
45 0.28682467341423035 1.0 28.978713431133567 0.5933333333333333 0.5633333333333334 0.6266666666666667
46 0.28862807154655457 1.0 28.962393688378615 0.6066666666666667 0.5533333333333333 0.6433333333333333
47 0.28630030155181885 1.0 28.939114054346675 0.6033333333333333 0.5533333333333333 0.6333333333333333
48 0.2869475781917572 1.0 28.917717054716512 0.5966666666666667 0.5566666666666666 0.6233333333333333
49 0.2863137125968933 1.0 28.903626838428114 0.6 0.5766666666666667 0.6333333333333333
50 0.28564366698265076 1.0 28.88477980410366 0.6 0.5566666666666666 0.6366666666666667
51 0.28558292984962463 1.0 28.861676298943447 0.6 0.5633333333333334 0.63
52 0.2869504690170288 1.0 28.83530581216309 0.6066666666666667 0.5700000000000001 0.65
53 0.28543299436569214 1.0 28.818986324182347 0.61 0.5700000000000001 0.6366666666666667
54 0.2863929867744446 1.0 28.801604143088802 0.61 0.5566666666666666 0.65
55 0.284088671207428 1.0 28.776227907188535 0.6066666666666667 0.5533333333333333 0.6433333333333333
56 0.2842954695224762 1.0 28.764357819992036 0.6166666666666667 0.5566666666666666 0.6533333333333333
57 0.28346723318099976 1.0 28.73998992394533 0.6066666666666667 0.5633333333333334 0.6466666666666667
58 0.28352537751197815 1.0 28.726052539471763 0.61 0.5566666666666666 0.65
59 0.2834756374359131 1.0 28.7015494005667 0.62 0.56 0.64
60 0.28179144859313965 1.0 28.68250629748138 0.6166666666666667 0.5766666666666667 0.6466666666666667
61 0.2831299901008606 1.0 28.671520168610357 0.6166666666666667 0.5700000000000001 0.6599999999999999
62 0.2820262610912323 1.0 28.654011628232332 0.62 0.5800000000000001 0.6599999999999999
63 0.2821868360042572 1.0 28.638259518261524 0.6166666666666667 0.5633333333333334 0.65
64 0.2802664637565613 1.0 28.631254631746597 0.6133333333333333 0.5533333333333333 0.65
65 0.28211620450019836 1.0 28.61020917516312 0.61 0.5966666666666667 0.6433333333333333
66 0.282248854637146 1.0 28.585830731991088 0.62 0.5533333333333333 0.6333333333333333
67 0.28145694732666016 1.0 28.576387933806863 0.6266666666666667 0.5633333333333334 0.63
68 0.28069546818733215 1.0 28.56082110669499 0.6233333333333333 0.5700000000000001 0.6599999999999999
69 0.2814564108848572 1.0 28.5495768821863 0.6333333333333333 0.5766666666666667 0.65
70 0.28095829486846924 1.0 28.534189360159772 0.62 0.5633333333333334 0.6666666666666667
71 0.28245601058006287 1.0 28.51311543883922 0.6166666666666667 0.5766666666666667 0.6466666666666667
72 0.28087010979652405 1.0 28.50234075462209 0.6266666666666667 0.5633333333333334 0.6533333333333333
73 0.2790364623069763 1.0 28.480314114779176 0.6266666666666667 0.5900000000000001 0.6533333333333333
74 0.2808404862880707 1.0 28.46393644084102 0.6233333333333333 0.5766666666666667 0.63
75 0.27836450934410095 1.0 28.447541793591853 0.63 0.5866666666666667 0.6699999999999999
76 0.2796768248081207 1.0 28.436396029570282 0.6266666666666667 0.5733333333333333 0.6666666666666667
77 0.2792026400566101 1.0 28.419924855891985 0.6333333333333333 0.5733333333333333 0.6666666666666667
78 0.27873489260673523 1.0 28.412213837825675 0.6433333333333333 0.5666666666666667 0.6666666666666667
79 0.27903619408607483 1.0 28.404649730383884 0.63 0.5800000000000001 0.6633333333333333
80 0.2813825309276581 1.0 28.390891746335388 0.6266666666666667 0.5866666666666667 0.6533333333333333
81 0.2782779335975647 1.0 28.385453147388098 0.6266666666666667 0.5900000000000001 0.6566666666666667
82 0.2774348258972168 1.0 28.368624964350015 0.6333333333333333 0.5800000000000001 0.6566666666666667
83 0.27560609579086304 1.0 28.3554823455226 0.6266666666666667 0.5933333333333333 0.6633333333333333
84 0.2769418954849243 1.0 28.345626770659777 0.6333333333333333 0.5833333333333333 0.7
85 0.2774534225463867 1.0 28.335002329566752 0.6333333333333333 0.5800000000000001 0.6733333333333333
86 0.27527546882629395 1.0 28.329717463521213 0.63 0.5900000000000001 0.6733333333333333
87 0.2748684883117676 1.0 28.31651761904368 0.63 0.5733333333333333 0.69
88 0.2760024964809418 1.0 28.30693352600424 0.64 0.5733333333333333 0.6766666666666667
89 0.27685847878456116 1.0 28.302590127338547 0.6433333333333333 0.5833333333333333 0.6633333333333333
90 0.2754725515842438 1.0 28.28912010222844 0.6266666666666667 0.5866666666666667 0.6733333333333333
91 0.27470019459724426 1.0 28.284783235361225 0.6366666666666667 0.5866666666666667 0.6733333333333333
92 0.276211678981781 1.0 28.284241022480767 0.63 0.5800000000000001 0.6866666666666666
93 0.27326810359954834 1.0 28.27479584667615 0.6333333333333333 0.5733333333333333 0.6833333333333333
94 0.2748052179813385 1.0 28.262536003274285 0.6266666666666667 0.5866666666666667 0.6699999999999999
95 0.27298083901405334 1.0 28.2553519493807 0.63 0.5866666666666667 0.6833333333333333
96 0.27339157462120056 1.0 28.2568243751161 0.6333333333333333 0.5766666666666667 0.6733333333333333
97 0.2724809944629669 1.0 28.24673140424658 0.64 0.5800000000000001 0.6966666666666667
98 0.2710842490196228 1.0 28.25402561981281 0.6433333333333333 0.5933333333333333 0.6766666666666667
99 0.2709157466888428 1.0 28.241172625854432 0.64 0.5800000000000001 0.7
100 0.27336686849594116 1.0 28.236200867731522 0.6333333333333333 0.5833333333333333 0.69
101 0.27328476309776306 1.0 28.22461649108448 0.6466666666666667 0.5866666666666667 0.69
102 0.2740607261657715 1.0 28.22399254658169 0.6566666666666667 0.5766666666666667 0.6866666666666666
103 0.27244189381599426 1.0 28.204751562034602 0.64 0.6 0.6866666666666666
104 0.27084997296333313 1.0 28.203773814857502 0.6466666666666667 0.5900000000000001 0.6866666666666666
105 0.2715655565261841 1.0 28.205690101400926 0.6466666666666667 0.5833333333333333 0.7133333333333334
106 0.27140864729881287 1.0 28.192458631204175 0.6433333333333333 0.62 0.6933333333333334
107 0.2699173092842102 1.0 28.18340506589111 0.6533333333333333 0.5933333333333333 0.7033333333333334
108 0.271266371011734 1.0 28.17773436835871 0.65 0.5733333333333333 0.6933333333333334
109 0.27150261402130127 1.0 28.173261631238443 0.6599999999999999 0.5866666666666667 0.6766666666666667
110 0.2711419463157654 1.0 28.155986152340212 0.6566666666666667 0.5833333333333333 0.6866666666666666
111 0.26888689398765564 1.0 28.14684377255098 0.6566666666666667 0.6 0.7133333333333334
112 0.2702387571334839 1.0 28.142617078211583 0.6533333333333333 0.5866666666666667 0.6866666666666666
113 0.26883694529533386 1.0 28.139764214478802 0.6633333333333333 0.5966666666666667 0.7
114 0.2691064178943634 1.0 28.13473195204359 0.6599999999999999 0.6033333333333333 0.7166666666666667
115 0.2683955729007721 1.0 28.12621996724922 0.6633333333333333 0.6033333333333333 0.6966666666666667
116 0.26726970076560974 1.0 28.115241609107585 0.6599999999999999 0.6 0.7066666666666667
117 0.26770931482315063 1.0 28.10754703883579 0.6599999999999999 0.5866666666666667 0.6933333333333334
118 0.26919108629226685 1.0 28.10582985074994 0.6566666666666667 0.5933333333333333 0.7133333333333334
119 0.26763415336608887 1.0 28.110010446390735 0.6566666666666667 0.5933333333333333 0.6966666666666667
120 0.26966357231140137 1.0 28.096466113252312 0.6533333333333333 0.5833333333333333 0.71
121 0.2701475918292999 1.0 28.092604035935118 0.6599999999999999 0.6033333333333333 0.7
122 0.26896020770072937 1.0 28.091806882400732 0.6633333333333333 0.5966666666666667 0.6833333333333333
123 0.267520934343338 1.0 28.08564902129145 0.6533333333333333 0.5866666666666667 0.7
124 0.26785406470298767 1.0 28.085601618955955 0.6566666666666667 0.5800000000000001 0.6733333333333333
125 0.26703518629074097 1.0 28.070966386562937 0.6566666666666667 0.5966666666666667 0.71
126 0.2669471800327301 1.0 28.06497220527006 0.6566666666666667 0.6033333333333333 0.7
127 0.26818546652793884 1.0 28.056254007424805 0.6633333333333333 0.6 0.6866666666666666
128 0.26757949590682983 1.0 28.052123075823058 0.6733333333333333 0.5766666666666667 0.7033333333333334
129 0.2663877606391907 1.0 28.061421289647054 0.6599999999999999 0.6066666666666667 0.6966666666666667
130 0.26515522599220276 1.0 28.05447906238099 0.6699999999999999 0.6033333333333333 0.7366666666666667
131 0.26624637842178345 1.0 28.04742300356149 0.6633333333333333 0.6 0.71
132 0.2655738890171051 1.0 28.03886876721027 0.6666666666666667 0.6 0.7033333333333334
133 0.26679620146751404 1.0 28.036694388790167 0.6599999999999999 0.6166666666666667 0.7033333333333334
134 0.26553213596343994 1.0 28.034689357086528 0.6633333333333333 0.61 0.6966666666666667
135 0.26559096574783325 1.0 28.040210134344736 0.6633333333333333 0.5900000000000001 0.72
136 0.26481273770332336 1.0 28.040825432745663 0.6733333333333333 0.6166666666666667 0.7033333333333334
137 0.2678332030773163 1.0 28.037640164747287 0.6666666666666667 0.5966666666666667 0.69
138 0.2663162648677826 1.0 28.03131596871841 0.6766666666666667 0.6166666666666667 0.6933333333333334
139 0.26446789503097534 1.0 28.027759345157545 0.6666666666666667 0.6 0.7066666666666667
140 0.2658995985984802 1.0 28.02490100929028 0.6699999999999999 0.6133333333333333 0.71
141 0.26638898253440857 1.0 28.021782337722367 0.6733333333333333 0.6 0.69
142 0.26410260796546936 1.0 28.011490701564988 0.6699999999999999 0.61 0.6933333333333334
143 0.2634507119655609 1.0 28.014587477172835 0.6766666666666667 0.6033333333333333 0.7233333333333334
144 0.2631087005138397 1.0 28.01461117119555 0.6766666666666667 0.6133333333333333 0.7233333333333334
145 0.26191383600234985 1.0 28.015842646216864 0.6666666666666667 0.63 0.7233333333333334
146 0.2622109651565552 1.0 28.0195399161209 0.6833333333333333 0.6033333333333333 0.7233333333333334
147 0.2605219781398773 1.0 28.01657894289246 0.6733333333333333 0.6 0.7366666666666667
148 0.26131701469421387 1.0 28.014728844061054 0.6733333333333333 0.5966666666666667 0.7166666666666667
149 0.2614055275917053 1.0 28.016027073486626 0.6799999999999999 0.61 0.72
150 0.26465898752212524 1.0 28.0144945374682 0.6766666666666667 0.6066666666666667 0.7
151 0.26136118173599243 1.0 28.00629077567998 0.6766666666666667 0.6366666666666667 0.7133333333333334
152 0.26178887486457825 1.0 28.006788359054504 0.6766666666666667 0.5966666666666667 0.7266666666666667
153 0.26182422041893005 1.0 28.005513151173062 0.6766666666666667 0.6133333333333333 0.7133333333333334
154 0.2623325288295746 1.0 28.002002798614587 0.6733333333333333 0.6066666666666667 0.7266666666666667
155 0.2597743570804596 1.0 28.00026305555503 0.6866666666666666 0.6133333333333333 0.7266666666666667
156 0.26171690225601196 1.0 27.988320033727593 0.6733333333333333 0.61 0.7233333333333334
157 0.26068246364593506 1.0 27.988599320913238 0.6766666666666667 0.6166666666666667 0.7233333333333334
158 0.26047253608703613 1.0 27.980022499755943 0.6733333333333333 0.6133333333333333 0.72
159 0.2595420777797699 1.0 27.97666237064795 0.6766666666666667 0.6166666666666667 0.73
160 0.26046857237815857 1.0 27.981767595328265 0.6799999999999999 0.6166666666666667 0.7166666666666667
161 0.2590671181678772 1.0 27.974258796163735 0.6733333333333333 0.6166666666666667 0.7366666666666667
162 0.2615213394165039 1.0 27.970363826953207 0.6799999999999999 0.62 0.7033333333333334
163 0.2583399713039398 1.0 27.966907862734075 0.6799999999999999 0.6166666666666667 0.73
164 0.2594054043292999 1.0 27.970570331051885 0.6866666666666666 0.6166666666666667 0.7233333333333334
165 0.2592368423938751 1.0 27.97137514654567 0.6799999999999999 0.6166666666666667 0.7166666666666667
166 0.25923439860343933 1.0 27.97421155751107 0.6799999999999999 0.6266666666666667 0.7266666666666667
167 0.2584964632987976 1.0 27.964850936215488 0.6933333333333334 0.6033333333333333 0.7166666666666667
168 0.25997406244277954 1.0 27.95285616191223 0.69 0.6133333333333333 0.73
169 0.26089227199554443 1.0 27.94806649247284 0.6833333333333333 0.6133333333333333 0.72
170 0.258655846118927 1.0 27.945431640038855 0.6833333333333333 0.6033333333333333 0.73
171 0.25721684098243713 1.0 27.94781446963638 0.6799999999999999 0.61 0.7133333333333334
172 0.2579493820667267 1.0 27.954587530222447 0.6799999999999999 0.6266666666666667 0.7166666666666667
173 0.25744882225990295 1.0 27.945196591971296 0.69 0.6166666666666667 0.7433333333333334
174 0.25810807943344116 1.0 27.942999548630837 0.69 0.6033333333333333 0.73
175 0.2570635974407196 1.0 27.94711309746086 0.6866666666666666 0.6166666666666667 0.72
176 0.25683146715164185 1.0 27.945917338295914 0.6866666666666666 0.6133333333333333 0.7366666666666667
177 0.25807222723960876 1.0 27.94072008868097 0.6933333333333334 0.6133333333333333 0.7466666666666666
178 0.25803110003471375 1.0 27.93251192360033 0.7 0.6233333333333333 0.7166666666666667
179 0.2574726343154907 1.0 27.934610103060237 0.7033333333333334 0.6033333333333333 0.71
180 0.25744760036468506 1.0 27.93186504176611 0.6966666666666667 0.61 0.74
181 0.2545563578605652 1.0 27.93696506351469 0.69 0.6233333333333333 0.7233333333333334
182 0.2576040029525757 1.0 27.924577637722283 0.69 0.6266666666666667 0.7433333333333334
183 0.2579251229763031 1.0 27.924783653079658 0.7 0.62 0.7166666666666667
184 0.2559468746185303 1.0 27.920658235644645 0.6966666666666667 0.6366666666666667 0.7366666666666667
185 0.255668044090271 1.0 27.91831225027156 0.6966666666666667 0.61 0.73
186 0.25559762120246887 1.0 27.923323130051962 0.7 0.6066666666666667 0.7366666666666667
187 0.2558838129043579 1.0 27.92247809140145 0.6933333333333334 0.62 0.7266666666666667
188 0.25460582971572876 1.0 27.920382481034448 0.69 0.63 0.7366666666666667
189 0.25497809052467346 1.0 27.920755418621916 0.7 0.6266666666666667 0.74
190 0.25446534156799316 1.0 27.92313774412278 0.7 0.62 0.7333333333333334
191 0.2555482089519501 1.0 27.9163420750988 0.7 0.6033333333333333 0.7233333333333334
192 0.25528770685195923 1.0 27.90432322890691 0.6933333333333334 0.6266666666666667 0.72
193 0.2550128996372223 1.0 27.89307562615623 0.6966666666666667 0.64 0.7333333333333334
194 0.25530704855918884 1.0 27.885554046348744 0.6933333333333334 0.6133333333333333 0.7266666666666667
195 0.25492626428604126 1.0 27.884418575465602 0.6933333333333334 0.62 0.74
196 0.25439518690109253 1.0 27.88095817430358 0.7066666666666667 0.6366666666666667 0.7266666666666667
197 0.25424066185951233 1.0 27.882651650693244 0.6966666666666667 0.6166666666666667 0.7266666666666667
198 0.2545475959777832 1.0 27.883024719315742 0.7 0.62 0.72
199 0.25424593687057495 1.0 27.88030287793889 0.6933333333333334 0.63 0.73
200 0.2528890073299408 1.0 27.877741591381934 0.7 0.6166666666666667 0.73
201 0.25264593958854675 1.0 27.87901034919898 0.7 0.6233333333333333 0.7333333333333334
202 0.25288257002830505 1.0 27.880658681305572 0.6933333333333334 0.6266666666666667 0.72
203 0.2527039349079132 1.0 27.874056132198813 0.6933333333333334 0.64 0.74
204 0.25227800011634827 1.0 27.869964399181338 0.7 0.6466666666666667 0.7533333333333333
205 0.2521592080593109 1.0 27.871601739045772 0.7033333333333334 0.6333333333333333 0.74
206 0.2530784010887146 1.0 27.86740318312436 0.6966666666666667 0.6166666666666667 0.7266666666666667
207 0.25147661566734314 1.0 27.873510205345124 0.7033333333333334 0.6166666666666667 0.7266666666666667
208 0.2503640949726105 1.0 27.871428230336942 0.6966666666666667 0.6166666666666667 0.7233333333333334
209 0.25002002716064453 1.0 27.86806746221393 0.7 0.65 0.7366666666666667
210 0.25083813071250916 1.0 27.866540484164098 0.6966666666666667 0.6466666666666667 0.7333333333333334
211 0.25127556920051575 1.0 27.867785551838566 0.7033333333333334 0.62 0.73
212 0.25059574842453003 1.0 27.857612680670613 0.7166666666666667 0.6433333333333333 0.7333333333333334
213 0.25091248750686646 1.0 27.85316454436311 0.71 0.62 0.7333333333333334
214 0.2511942982673645 1.0 27.849919646896165 0.6966666666666667 0.6366666666666667 0.7333333333333334
215 0.25223785638809204 1.0 27.855697151119138 0.7133333333333334 0.63 0.73
216 0.251115083694458 1.0 27.84620348149906 0.7 0.6366666666666667 0.7166666666666667
217 0.25213032960891724 1.0 27.84476227128397 0.6933333333333334 0.6266666666666667 0.74
218 0.2513257563114166 1.0 27.84368192239054 0.7033333333333334 0.64 0.7333333333333334
219 0.2503926455974579 1.0 27.83640013550911 0.7033333333333334 0.6266666666666667 0.7366666666666667
220 0.25098592042922974 1.0 27.84893663581785 0.7033333333333334 0.63 0.74
221 0.2501620054244995 1.0 27.84109265810943 0.7 0.6366666666666667 0.7366666666666667
222 0.25112321972846985 1.0 27.84029054005852 0.7033333333333334 0.65 0.72
223 0.2505216896533966 1.0 27.83324877484724 0.7033333333333334 0.6533333333333333 0.75
224 0.250245064496994 1.0 27.82914326346681 0.71 0.63 0.7433333333333334
225 0.25077635049819946 1.0 27.83281202368785 0.7033333333333334 0.6266666666666667 0.7433333333333334
226 0.2500283420085907 1.0 27.82796847443339 0.7033333333333334 0.6266666666666667 0.7566666666666666
227 0.2515542507171631 1.0 27.82964570008419 0.7 0.6166666666666667 0.7233333333333334
228 0.2519592344760895 1.0 27.828562654361825 0.7033333333333334 0.63 0.72
229 0.24886177480220795 1.0 27.82639458879129 0.7 0.6366666666666667 0.7433333333333334
230 0.24962709844112396 1.0 27.824767302080513 0.6966666666666667 0.63 0.7333333333333334
231 0.2483193725347519 1.0 27.822311166867916 0.7033333333333334 0.6333333333333333 0.74
232 0.2482655793428421 1.0 27.821004690275505 0.7033333333333334 0.6233333333333333 0.7566666666666666
233 0.24995747208595276 1.0 27.820685032714817 0.7066666666666667 0.6433333333333333 0.7233333333333334
234 0.24888917803764343 1.0 27.81768754181099 0.6966666666666667 0.61 0.7333333333333334
235 0.2488507330417633 1.0 27.8163379419505 0.7066666666666667 0.65 0.73
236 0.2496669590473175 1.0 27.80296089341562 0.7033333333333334 0.62 0.75
237 0.24993246793746948 1.0 27.80312720717477 0.6966666666666667 0.6266666666666667 0.7433333333333334
238 0.2463746964931488 1.0 27.801207008105653 0.71 0.6433333333333333 0.7466666666666666
239 0.24768675863742828 1.0 27.80483449438851 0.7133333333333334 0.64 0.7333333333333334
240 0.2500231862068176 1.0 27.79861636373848 0.6966666666666667 0.6333333333333333 0.7266666666666667
241 0.2496257871389389 1.0 27.801838053037628 0.7033333333333334 0.6433333333333333 0.7466666666666666
242 0.247624933719635 1.0 27.783925026000198 0.7166666666666667 0.64 0.73
243 0.2478223443031311 1.0 27.780783576854112 0.7033333333333334 0.64 0.74
244 0.24850168824195862 1.0 27.788589566455684 0.71 0.63 0.72
245 0.24674859642982483 1.0 27.78535107269706 0.7066666666666667 0.6333333333333333 0.73
246 0.24845287203788757 1.0 27.78248413371069 0.7066666666666667 0.64 0.7333333333333334
247 0.24916790425777435 1.0 27.788199976131654 0.7166666666666667 0.6266666666666667 0.7333333333333334
248 0.24865812063217163 1.0 27.78062915124488 0.7133333333333334 0.6166666666666667 0.73
249 0.24684295058250427 1.0 27.781532999963527 0.7066666666666667 0.6533333333333333 0.75
250 0.24743638932704926 1.0 27.7785489210398 0.72 0.6466666666666667 0.7266666666666667
251 0.2468378096818924 1.0 27.77533831727819 0.7166666666666667 0.6333333333333333 0.7366666666666667
252 0.24699527025222778 1.0 27.77479909346082 0.7066666666666667 0.6333333333333333 0.7466666666666666
253 0.24665190279483795 1.0 27.76865244359929 0.7133333333333334 0.6433333333333333 0.74
254 0.24680852890014648 1.0 27.765556882267898 0.7066666666666667 0.6466666666666667 0.7366666666666667
255 0.2461930364370346 1.0 27.762284188771865 0.7233333333333334 0.6433333333333333 0.74
256 0.2449474036693573 1.0 27.757903514538302 0.72 0.64 0.75
257 0.24721278250217438 1.0 27.76095934955906 0.71 0.64 0.7433333333333334
258 0.24646124243736267 1.0 27.76578486338428 0.7066666666666667 0.63 0.7466666666666666
259 0.24616679549217224 1.0 27.767690057042405 0.7 0.6433333333333333 0.7433333333333334
260 0.24650247395038605 1.0 27.767965956450418 0.7133333333333334 0.6466666666666667 0.72
261 0.24555563926696777 1.0 27.76754459680724 0.7066666666666667 0.6333333333333333 0.7266666666666667
262 0.24769721925258636 1.0 27.765925498830878 0.7033333333333334 0.6433333333333333 0.74
263 0.24703021347522736 1.0 27.76207541306008 0.7033333333333334 0.6466666666666667 0.7233333333333334
264 0.24639365077018738 1.0 27.756750848284064 0.7033333333333334 0.6533333333333333 0.7266666666666667
265 0.24733981490135193 1.0 27.752863913583848 0.7166666666666667 0.6333333333333333 0.73
266 0.2464892566204071 1.0 27.75262490640523 0.71 0.6533333333333333 0.7366666666666667
267 0.24663865566253662 1.0 27.751186097605274 0.71 0.63 0.7366666666666667
268 0.24475575983524323 1.0 27.75258261721008 0.7066666666666667 0.6566666666666667 0.73
269 0.24649986624717712 1.0 27.749653016692292 0.7066666666666667 0.6566666666666667 0.7233333333333334
270 0.24645838141441345 1.0 27.744823445393372 0.7133333333333334 0.6466666666666667 0.72
271 0.2445220649242401 1.0 27.745513396077186 0.72 0.6466666666666667 0.7433333333333334
272 0.24557249248027802 1.0 27.738820582131588 0.7133333333333334 0.6566666666666667 0.7533333333333333
273 0.24584996700286865 1.0 27.73757101553796 0.7266666666666667 0.64 0.75
274 0.24419492483139038 1.0 27.735327248418734 0.72 0.6466666666666667 0.7366666666666667
275 0.2460055649280548 1.0 27.731060406736354 0.72 0.64 0.7433333333333334
276 0.2455449402332306 1.0 27.734585874168246 0.7233333333333334 0.6433333333333333 0.7566666666666666
277 0.2466219961643219 1.0 27.73736365109024 0.7166666666666667 0.64 0.7333333333333334
278 0.24404452741146088 1.0 27.73249062067387 0.7266666666666667 0.65 0.73
279 0.24512550234794617 1.0 27.736185165438773 0.7233333333333334 0.6366666666666667 0.73
280 0.2446109652519226 1.0 27.73726841712356 0.7233333333333334 0.6366666666666667 0.7433333333333334
281 0.2456205040216446 1.0 27.73975637123618 0.7266666666666667 0.6566666666666667 0.7433333333333334
282 0.2418094128370285 1.0 27.737964048123004 0.72 0.6633333333333333 0.7633333333333333
283 0.24295660853385925 1.0 27.739164090322447 0.73 0.65 0.7433333333333334
284 0.24370236694812775 1.0 27.735258672186642 0.73 0.6733333333333333 0.74
285 0.24214069545269012 1.0 27.739102178664837 0.7266666666666667 0.6666666666666667 0.74
286 0.24307295680046082 1.0 27.73598710751285 0.7133333333333334 0.65 0.7466666666666666
287 0.243707075715065 1.0 27.732108323200354 0.72 0.6466666666666667 0.74
288 0.24153393507003784 1.0 27.73759981626794 0.7233333333333334 0.65 0.7533333333333333
289 0.24242034554481506 1.0 27.736024625392986 0.7133333333333334 0.6366666666666667 0.7566666666666666
290 0.24197231233119965 1.0 27.74066741700501 0.72 0.6366666666666667 0.7433333333333334
291 0.24357131123542786 1.0 27.738115252462812 0.7233333333333334 0.6466666666666667 0.74
292 0.24151812493801117 1.0 27.735024513202863 0.7266666666666667 0.6433333333333333 0.7466666666666666
293 0.242477685213089 1.0 27.730640058912776 0.7233333333333334 0.6366666666666667 0.74
294 0.24264012277126312 1.0 27.730818621947748 0.7233333333333334 0.6366666666666667 0.74
295 0.24185487627983093 1.0 27.72745300466599 0.7366666666666667 0.6433333333333333 0.7533333333333333
296 0.24065817892551422 1.0 27.725226837283916 0.73 0.6599999999999999 0.7466666666666666
297 0.24201610684394836 1.0 27.727618597339795 0.7266666666666667 0.6333333333333333 0.7633333333333333
298 0.24141237139701843 1.0 27.72396675880347 0.7266666666666667 0.6433333333333333 0.7433333333333334
299 0.24062567949295044 1.0 27.7191529937819 0.73 0.6633333333333333 0.75
cur idx:  0
For watermark, PSNR: 27.715135975670563 SSIM: 0.96411276 LPIPS: 0.36176413 ACC: 1.0
For attacks, PSNR: 27.759976529772658 SSIM: 0.9642064 LPIPS: 0.36136064 ACC: 0.6766666666666667
0 0.3581426441669464 0.95 31.642613843769794 0.5033333333333334 0.4733333333333334 0.5033333333333334
1 0.35117200016975403 0.98 31.538029991673547 0.5033333333333334 0.4766666666666667 0.5066666666666666
2 0.3460826575756073 0.9933333333333333 31.444282225654693 0.5066666666666666 0.4666666666666667 0.5066666666666666
3 0.3436245322227478 0.9933333333333333 31.363270403368077 0.5133333333333333 0.4666666666666667 0.5166666666666666
4 0.3386702835559845 0.9933333333333333 31.280042716264962 0.5166666666666666 0.4633333333333334 0.5333333333333333
5 0.33307039737701416 0.9966666666666667 31.2090098855021 0.53 0.4866666666666667 0.54
6 0.33303216099739075 1.0 31.130912160845952 0.5233333333333333 0.4833333333333333 0.5466666666666666
7 0.3289916515350342 1.0 31.06849238514453 0.5366666666666666 0.4966666666666667 0.5633333333333334
8 0.32909759879112244 1.0 31.015015227086845 0.54 0.49 0.5566666666666666
9 0.3282650113105774 1.0 30.95359460313017 0.5433333333333333 0.4666666666666667 0.5566666666666666
10 0.32642051577568054 1.0 30.890340210211416 0.54 0.48 0.5733333333333333
11 0.32396557927131653 1.0 30.831541095240922 0.5366666666666666 0.5 0.56
12 0.3232305347919464 1.0 30.771417090170875 0.5366666666666666 0.49 0.56
13 0.3220451772212982 1.0 30.711532773102842 0.5366666666666666 0.5033333333333334 0.5466666666666666
14 0.31990480422973633 1.0 30.648541294897235 0.5433333333333333 0.49 0.56
15 0.31873446702957153 1.0 30.592860511626586 0.5433333333333333 0.4966666666666667 0.5700000000000001
16 0.3169851005077362 1.0 30.54054291324818 0.5466666666666666 0.5033333333333334 0.5733333333333333
17 0.3165893852710724 1.0 30.475485837765525 0.5533333333333333 0.5066666666666666 0.5833333333333333
18 0.3154919743537903 1.0 30.41971579013678 0.5566666666666666 0.51 0.5700000000000001
19 0.3147992193698883 1.0 30.370809779097456 0.56 0.4933333333333333 0.5933333333333333
20 0.31398168206214905 1.0 30.315160641560897 0.5633333333333334 0.4933333333333333 0.5833333333333333
21 0.31230708956718445 1.0 30.267327426815793 0.5700000000000001 0.4966666666666667 0.5833333333333333
22 0.31211793422698975 1.0 30.213452165108976 0.5700000000000001 0.5033333333333334 0.5800000000000001
23 0.31068989634513855 1.0 30.16342072312444 0.5700000000000001 0.4966666666666667 0.6066666666666667
24 0.3091030716896057 1.0 30.11552719299312 0.5700000000000001 0.5033333333333334 0.61
25 0.3083195090293884 1.0 30.068686640230077 0.5766666666666667 0.4933333333333333 0.5966666666666667
26 0.3090168237686157 1.0 30.024716021292214 0.5766666666666667 0.51 0.62
27 0.3084716498851776 1.0 29.973903702104213 0.5766666666666667 0.4966666666666667 0.6166666666666667
28 0.3087118864059448 1.0 29.944290586106177 0.5766666666666667 0.4933333333333333 0.5966666666666667
29 0.3064483404159546 1.0 29.901568792257123 0.5766666666666667 0.4966666666666667 0.6266666666666667
30 0.30576640367507935 1.0 29.866116395619933 0.5766666666666667 0.4966666666666667 0.6233333333333333
31 0.3053933084011078 1.0 29.827740599532753 0.5733333333333333 0.5033333333333334 0.64
32 0.30601778626441956 1.0 29.797465635100252 0.5766666666666667 0.5133333333333333 0.6033333333333333
33 0.3044903576374054 1.0 29.762782710038394 0.5800000000000001 0.5066666666666666 0.6233333333333333
34 0.3024839162826538 1.0 29.732989286423916 0.5800000000000001 0.49 0.63
35 0.30346810817718506 1.0 29.688769004874878 0.5833333333333333 0.5033333333333334 0.62
36 0.3008708655834198 1.0 29.657201885596454 0.5866666666666667 0.53 0.6466666666666667
37 0.3007008135318756 1.0 29.621282241273228 0.5866666666666667 0.51 0.65
38 0.30088505148887634 1.0 29.580401993581972 0.5833333333333333 0.5033333333333334 0.63
39 0.299827516078949 1.0 29.542444560861032 0.5833333333333333 0.52 0.6333333333333333
40 0.29834040999412537 1.0 29.50490315480168 0.5866666666666667 0.52 0.6466666666666667
41 0.2982879877090454 1.0 29.467159092670023 0.5900000000000001 0.5133333333333333 0.6366666666666667
42 0.2984441816806793 1.0 29.433923590694704 0.5866666666666667 0.5233333333333333 0.6366666666666667
43 0.29555705189704895 1.0 29.393930918507788 0.5900000000000001 0.51 0.6599999999999999
44 0.29450663924217224 1.0 29.35422013533894 0.5933333333333333 0.5233333333333333 0.6699999999999999
45 0.29601845145225525 1.0 29.327857686924123 0.5833333333333333 0.5166666666666666 0.6666666666666667
46 0.29394814372062683 1.0 29.290637786530436 0.5933333333333333 0.5166666666666666 0.6433333333333333
47 0.2945065200328827 1.0 29.25527394701653 0.5900000000000001 0.5166666666666666 0.6533333333333333
48 0.29331767559051514 1.0 29.23254883824352 0.5966666666666667 0.5133333333333333 0.6633333333333333
49 0.2939232885837555 1.0 29.211827867477215 0.5966666666666667 0.51 0.6633333333333333
50 0.2924155294895172 1.0 29.18334295543849 0.5966666666666667 0.52 0.6633333333333333
51 0.29130813479423523 1.0 29.158966163294284 0.5933333333333333 0.52 0.6766666666666667
52 0.2927144765853882 1.0 29.138535686197496 0.6 0.5266666666666666 0.6533333333333333
53 0.2911105751991272 1.0 29.118125545434104 0.6 0.5233333333333333 0.6866666666666666
54 0.29051050543785095 1.0 29.09395393633406 0.6033333333333333 0.5166666666666666 0.6699999999999999
55 0.2918420732021332 1.0 29.073484982972452 0.5966666666666667 0.5233333333333333 0.6733333333333333
56 0.2915673851966858 1.0 29.045883838437923 0.6066666666666667 0.5166666666666666 0.6633333333333333
57 0.29096877574920654 1.0 29.01462151525815 0.6 0.5366666666666666 0.6599999999999999
58 0.28919872641563416 1.0 28.998631500055872 0.5966666666666667 0.5233333333333333 0.6733333333333333
59 0.28945842385292053 1.0 28.985650663270867 0.5966666666666667 0.5366666666666666 0.6866666666666666
60 0.29062512516975403 1.0 28.96265845246054 0.61 0.5166666666666666 0.6666666666666667
61 0.28866541385650635 1.0 28.94646513636392 0.61 0.53 0.6799999999999999
62 0.2877642512321472 1.0 28.937706406213437 0.61 0.53 0.6966666666666667
63 0.2879960834980011 1.0 28.920025403805496 0.61 0.52 0.6933333333333334
64 0.28761160373687744 1.0 28.9097408552329 0.61 0.5433333333333333 0.6766666666666667
65 0.2887852191925049 1.0 28.901195224524336 0.6066666666666667 0.52 0.6799999999999999
66 0.28575488924980164 1.0 28.879691719258403 0.6166666666666667 0.55 0.69
67 0.28698602318763733 1.0 28.869310300232797 0.6066666666666667 0.5233333333333333 0.6866666666666666
68 0.28790590167045593 1.0 28.858375743602114 0.6166666666666667 0.52 0.6766666666666667
69 0.2878432869911194 1.0 28.833006680003574 0.6133333333333333 0.53 0.6966666666666667
70 0.28876763582229614 1.0 28.81976342507475 0.6166666666666667 0.5366666666666666 0.6733333333333333
71 0.2874836027622223 1.0 28.80900808424851 0.6166666666666667 0.52 0.6866666666666666
72 0.2877095937728882 1.0 28.781219457960965 0.6133333333333333 0.53 0.6766666666666667
73 0.28598588705062866 1.0 28.7679206989826 0.6133333333333333 0.53 0.6933333333333334
74 0.2873901128768921 1.0 28.756972608642982 0.6166666666666667 0.53 0.7
75 0.28567785024642944 1.0 28.73727934402617 0.6166666666666667 0.5366666666666666 0.6966666666666667
76 0.2860548198223114 1.0 28.730081822298963 0.6233333333333333 0.53 0.6966666666666667
77 0.2858549952507019 1.0 28.713639651039355 0.6233333333333333 0.5466666666666666 0.69
78 0.2850029766559601 1.0 28.702763687889433 0.6233333333333333 0.53 0.6966666666666667
79 0.2864234149456024 1.0 28.684271220428734 0.62 0.54 0.69
80 0.28593093156814575 1.0 28.66566968092379 0.6233333333333333 0.5533333333333333 0.6966666666666667
81 0.28505057096481323 1.0 28.653143146145755 0.6166666666666667 0.5366666666666666 0.6866666666666666
82 0.2835704982280731 1.0 28.639954441652314 0.6233333333333333 0.5533333333333333 0.7033333333333334
83 0.2857898473739624 1.0 28.63346688193413 0.6133333333333333 0.5366666666666666 0.6833333333333333
84 0.2845519483089447 1.0 28.61812828679957 0.62 0.5366666666666666 0.7066666666666667
85 0.28456029295921326 1.0 28.606728683291355 0.62 0.5533333333333333 0.6966666666666667
86 0.2832818627357483 1.0 28.598027307390915 0.6233333333333333 0.53 0.7
87 0.28259408473968506 1.0 28.59280827031032 0.6233333333333333 0.5433333333333333 0.6966666666666667
88 0.2826118767261505 1.0 28.57556182475232 0.63 0.5366666666666666 0.6933333333333334
89 0.28228917717933655 1.0 28.57306556713995 0.6266666666666667 0.55 0.6866666666666666
90 0.2842389941215515 1.0 28.56691831923683 0.6266666666666667 0.5433333333333333 0.7133333333333334
91 0.2830967605113983 1.0 28.5565086104382 0.62 0.5333333333333333 0.6866666666666666
92 0.28181374073028564 1.0 28.549334055531247 0.6266666666666667 0.55 0.6966666666666667
93 0.28234434127807617 1.0 28.537193528743934 0.6266666666666667 0.5333333333333333 0.6966666666666667
94 0.2814587652683258 1.0 28.529972488617453 0.6266666666666667 0.5433333333333333 0.7066666666666667
95 0.2814743220806122 1.0 28.508058561815947 0.63 0.5366666666666666 0.69
96 0.28313642740249634 1.0 28.501236236374563 0.63 0.53 0.7033333333333334
97 0.27951908111572266 1.0 28.49482310601679 0.63 0.53 0.7033333333333334
98 0.28323468565940857 1.0 28.488785877750594 0.6333333333333333 0.5333333333333333 0.7
99 0.28100186586380005 1.0 28.48688358732816 0.6366666666666667 0.5433333333333333 0.7033333333333334
100 0.27978774905204773 1.0 28.47331075341686 0.6333333333333333 0.5433333333333333 0.71
101 0.2796493172645569 1.0 28.46248517103711 0.6266666666666667 0.54 0.7233333333333334
102 0.2810933589935303 1.0 28.450292186999473 0.6366666666666667 0.54 0.7033333333333334
103 0.27918168902397156 1.0 28.428279006259388 0.6366666666666667 0.5466666666666666 0.71
104 0.2784367501735687 1.0 28.419626632807745 0.6366666666666667 0.54 0.6966666666666667
105 0.27769774198532104 1.0 28.411630729727694 0.6366666666666667 0.5533333333333333 0.7133333333333334
106 0.27805423736572266 1.0 28.40749353422615 0.64 0.56 0.7233333333333334
107 0.2771751582622528 1.0 28.4022225281036 0.64 0.55 0.7166666666666667
108 0.2777435779571533 1.0 28.391004643290195 0.64 0.5433333333333333 0.7033333333333334
109 0.2797028720378876 1.0 28.380643151950075 0.6333333333333333 0.5433333333333333 0.7033333333333334
110 0.27879324555397034 1.0 28.37333824327397 0.6466666666666667 0.5566666666666666 0.7066666666666667
111 0.279491662979126 1.0 28.36757720697669 0.65 0.55 0.72
112 0.2786206603050232 1.0 28.35912230724364 0.6433333333333333 0.5533333333333333 0.71
113 0.2784176170825958 1.0 28.348083779998817 0.6433333333333333 0.5566666666666666 0.7166666666666667
114 0.27618756890296936 1.0 28.341354306247155 0.64 0.5433333333333333 0.7
115 0.2775415778160095 1.0 28.32461545570649 0.64 0.5566666666666666 0.7133333333333334
116 0.2773120105266571 1.0 28.31074644473105 0.6433333333333333 0.5566666666666666 0.7066666666666667
117 0.276847779750824 1.0 28.30248151620273 0.6433333333333333 0.54 0.7066666666666667
118 0.2772018611431122 1.0 28.292792320298034 0.6366666666666667 0.5433333333333333 0.7033333333333334
119 0.2764045298099518 1.0 28.28152468850655 0.63 0.5666666666666667 0.71
120 0.27655717730522156 1.0 28.276945452891503 0.6466666666666667 0.5466666666666666 0.7
121 0.2777668535709381 1.0 28.26745591492859 0.6533333333333333 0.5566666666666666 0.71
122 0.2750088572502136 1.0 28.256571137534486 0.6433333333333333 0.5633333333333334 0.7133333333333334
123 0.27700144052505493 1.0 28.240475677564007 0.6366666666666667 0.5566666666666666 0.6966666666666667
124 0.27660590410232544 1.0 28.234257764340068 0.64 0.5366666666666666 0.7133333333333334
