Setting up [LPIPS] perceptual loss: trunk [vgg], v[0.1], spatial [off]
Loading model from: /home/cjh/anaconda3/lib/python3.11/site-packages/lpips/weights/v0.1/vgg.pth
Finished loading model
Diffuse attack initialized with noise step 6 and use prompt 0
method: wevade
0 0.3700544238090515 0.9866666666666667 31.15865783310758 0.5366666666666666 0.5066666666666666
1 0.36406683921813965 0.99 31.117735990851642 0.5433333333333333 0.52
2 0.3577282428741455 0.9933333333333333 31.080653824184097 0.5466666666666666 0.5333333333333333
3 0.3538305461406708 0.9966666666666667 31.045648416300132 0.5366666666666666 0.5333333333333333
4 0.34949254989624023 1.0 30.999443844738764 0.5433333333333333 0.53
5 0.3449103832244873 1.0 30.95695083517066 0.54 0.5466666666666666
6 0.34064778685569763 1.0 30.9085607997574 0.5433333333333333 0.56
7 0.33772513270378113 1.0 30.86682881379815 0.5466666666666666 0.5566666666666666
8 0.336272656917572 1.0 30.820460332044696 0.5566666666666666 0.56
9 0.33304011821746826 1.0 30.77520466176668 0.56 0.5700000000000001
10 0.33087998628616333 1.0 30.731636525141926 0.5533333333333333 0.55
11 0.3287097215652466 1.0 30.680955287608164 0.5566666666666666 0.56
12 0.3282926082611084 1.0 30.641273333727344 0.56 0.5566666666666666
13 0.32669293880462646 1.0 30.585490242500022 0.5666666666666667 0.5633333333333334
14 0.32467660307884216 1.0 30.547226491804476 0.56 0.56
15 0.32339921593666077 1.0 30.505817095066888 0.5666666666666667 0.5700000000000001
16 0.3218725919723511 1.0 30.464192954185343 0.5766666666666667 0.5766666666666667
17 0.3198831081390381 1.0 30.42451780087785 0.5700000000000001 0.5800000000000001
18 0.31941738724708557 1.0 30.37284130291048 0.5733333333333333 0.5866666666666667
19 0.31828635931015015 1.0 30.31654691477452 0.5766666666666667 0.5866666666666667
20 0.31818872690200806 1.0 30.29314053843391 0.5700000000000001 0.5666666666666667
21 0.31549587845802307 1.0 30.247706954160243 0.5766666666666667 0.5966666666666667
22 0.313747763633728 1.0 30.206175353640617 0.5800000000000001 0.61
23 0.3113718330860138 1.0 30.158586047123876 0.5800000000000001 0.5966666666666667
24 0.31164246797561646 1.0 30.126065629965595 0.5766666666666667 0.6
25 0.3125126361846924 1.0 30.094442879987902 0.5800000000000001 0.5966666666666667
26 0.3097844123840332 1.0 30.057503471193797 0.5800000000000001 0.6133333333333333
27 0.310680091381073 1.0 30.019416569480263 0.5766666666666667 0.6033333333333333
28 0.3089994192123413 1.0 29.982919716518666 0.5800000000000001 0.5966666666666667
29 0.30823755264282227 1.0 29.948632532709134 0.5800000000000001 0.63
30 0.3113410472869873 1.0 29.915718555255253 0.5766666666666667 0.6033333333333333
31 0.30706584453582764 1.0 29.879149949020206 0.5833333333333333 0.6066666666666667
32 0.3070511817932129 1.0 29.85462376484061 0.5800000000000001 0.63
33 0.3062981069087982 1.0 29.826505958282073 0.5900000000000001 0.61
34 0.3072650134563446 1.0 29.789790468275786 0.5833333333333333 0.5933333333333333
35 0.30513525009155273 1.0 29.769392791044996 0.5800000000000001 0.62
36 0.30423182249069214 1.0 29.753546711900277 0.5833333333333333 0.6233333333333333
37 0.3054389953613281 1.0 29.735282610467056 0.5833333333333333 0.63
38 0.3062607944011688 1.0 29.727025637081404 0.5800000000000001 0.62
39 0.3043731451034546 1.0 29.703126443466402 0.5800000000000001 0.6233333333333333
40 0.301616370677948 1.0 29.686063777891345 0.5766666666666667 0.6133333333333333
41 0.30536776781082153 1.0 29.654698322455975 0.5866666666666667 0.6
42 0.3031090199947357 1.0 29.637032635539292 0.5800000000000001 0.6333333333333333
43 0.30390453338623047 1.0 29.624429547964883 0.5933333333333333 0.6133333333333333
44 0.3036248981952667 1.0 29.604550953724186 0.5900000000000001 0.6233333333333333
45 0.30247896909713745 1.0 29.57908930311778 0.5900000000000001 0.6266666666666667
46 0.30203455686569214 1.0 29.567682209603152 0.5866666666666667 0.6366666666666667
47 0.30136924982070923 1.0 29.555673975088567 0.5933333333333333 0.6266666666666667
48 0.3015613257884979 1.0 29.53938956162061 0.5900000000000001 0.63
49 0.30041101574897766 1.0 29.526314062552103 0.5933333333333333 0.64
50 0.3001912534236908 1.0 29.518714183252406 0.5933333333333333 0.6333333333333333
51 0.3010691702365875 1.0 29.497219039250684 0.5866666666666667 0.62
52 0.29940521717071533 1.0 29.48299322758908 0.5866666666666667 0.6533333333333333
53 0.2992149591445923 1.0 29.469876643997445 0.5766666666666667 0.64
54 0.3013024628162384 1.0 29.45331959123252 0.5933333333333333 0.6466666666666667
55 0.2990005314350128 1.0 29.443165739971995 0.6 0.6566666666666667
56 0.3009659945964813 1.0 29.42737307575293 0.5933333333333333 0.63
57 0.29785779118537903 1.0 29.42383903175669 0.5966666666666667 0.6266666666666667
58 0.2962605655193329 1.0 29.429653228929354 0.5866666666666667 0.65
59 0.299815833568573 1.0 29.41625936768407 0.5933333333333333 0.65
60 0.30077308416366577 1.0 29.417241886178026 0.5900000000000001 0.6266666666666667
61 0.29818207025527954 1.0 29.400148505392355 0.5866666666666667 0.6566666666666667
62 0.2974846661090851 1.0 29.39478324502908 0.5933333333333333 0.6566666666666667
63 0.29781365394592285 1.0 29.38441170078906 0.5866666666666667 0.64
64 0.2992006838321686 1.0 29.377702278157805 0.5933333333333333 0.6566666666666667
65 0.2975299060344696 1.0 29.36351617402178 0.5900000000000001 0.6566666666666667
66 0.2972731590270996 1.0 29.352169872743602 0.6 0.6433333333333333
67 0.29685020446777344 1.0 29.351354795103504 0.5933333333333333 0.6366666666666667
68 0.29708558320999146 1.0 29.334232149421346 0.6 0.6599999999999999
69 0.2953259348869324 1.0 29.335308656126276 0.6033333333333333 0.6866666666666666
70 0.2964528501033783 1.0 29.330419494027005 0.6033333333333333 0.6533333333333333
71 0.2980250120162964 1.0 29.318102145309833 0.6066666666666667 0.6366666666666667
72 0.29783618450164795 1.0 29.30275313211258 0.6 0.6366666666666667
73 0.2972603440284729 1.0 29.298652773259857 0.6066666666666667 0.6466666666666667
74 0.298071950674057 1.0 29.286307530009374 0.5966666666666667 0.6533333333333333
75 0.2996372580528259 1.0 29.277498269467443 0.6033333333333333 0.6599999999999999
76 0.2961093485355377 1.0 29.26770264882167 0.6066666666666667 0.6366666666666667
77 0.2960144281387329 1.0 29.255749726662835 0.6066666666666667 0.6566666666666667
78 0.2944585382938385 1.0 29.249973132905538 0.61 0.6699999999999999
79 0.29668059945106506 1.0 29.243165955970333 0.6166666666666667 0.64
80 0.29750117659568787 1.0 29.23195910714636 0.6033333333333333 0.6566666666666667
81 0.2944132685661316 1.0 29.22746479089129 0.6066666666666667 0.6533333333333333
82 0.29551583528518677 1.0 29.222455338755367 0.6133333333333333 0.6633333333333333
83 0.29311585426330566 1.0 29.222000911242667 0.61 0.6699999999999999
84 0.2961844205856323 1.0 29.212458472386437 0.6133333333333333 0.6166666666666667
85 0.29510951042175293 1.0 29.195685899841806 0.6133333333333333 0.6699999999999999
86 0.2951720356941223 1.0 29.19601972925189 0.6066666666666667 0.6466666666666667
87 0.29594743251800537 1.0 29.190920249614653 0.6133333333333333 0.6333333333333333
88 0.2951304316520691 1.0 29.184008889797795 0.6133333333333333 0.6666666666666667
89 0.29402703046798706 1.0 29.1751771105468 0.6166666666666667 0.65
90 0.29586195945739746 1.0 29.16700863764393 0.6166666666666667 0.6533333333333333
91 0.2966215908527374 1.0 29.17124788473253 0.6133333333333333 0.6366666666666667
92 0.2933458089828491 1.0 29.162939427695477 0.62 0.64
93 0.2958737909793854 1.0 29.152834150996448 0.6133333333333333 0.6466666666666667
94 0.29349657893180847 1.0 29.148028530956847 0.6166666666666667 0.6666666666666667
95 0.29311317205429077 1.0 29.14229994103655 0.62 0.6666666666666667
96 0.29244107007980347 1.0 29.14237653895433 0.62 0.6466666666666667
97 0.294114351272583 1.0 29.138838368086937 0.6166666666666667 0.65
98 0.29282695055007935 1.0 29.131350538072738 0.62 0.6699999999999999
99 0.29506003856658936 1.0 29.130195987562647 0.6133333333333333 0.6466666666666667
100 0.29362624883651733 1.0 29.127092657566962 0.62 0.6566666666666667
101 0.2921920418739319 1.0 29.117004210775338 0.6233333333333333 0.6599999999999999
102 0.29319342970848083 1.0 29.115025316197794 0.6233333333333333 0.64
103 0.2898132801055908 1.0 29.112111348560347 0.6133333333333333 0.65
104 0.2936275601387024 1.0 29.10268220317421 0.6166666666666667 0.6599999999999999
105 0.2929740250110626 1.0 29.09449812792362 0.6233333333333333 0.6566666666666667
106 0.29061537981033325 1.0 29.0841655904522 0.6166666666666667 0.6633333333333333
107 0.29212048649787903 1.0 29.08882514160077 0.6166666666666667 0.6599999999999999
108 0.2928084135055542 1.0 29.092883228968635 0.6166666666666667 0.6533333333333333
109 0.29064223170280457 1.0 29.08873424140208 0.61 0.6833333333333333
110 0.2930569350719452 1.0 29.09104667091175 0.6233333333333333 0.6699999999999999
111 0.29076313972473145 1.0 29.085745340848177 0.62 0.6633333333333333
112 0.29056549072265625 1.0 29.084916048693643 0.6233333333333333 0.6466666666666667
113 0.28891342878341675 1.0 29.096946376989237 0.6233333333333333 0.6833333333333333
114 0.2917322814464569 1.0 29.099441245512992 0.62 0.65
115 0.2928205132484436 1.0 29.093660801151977 0.62 0.6833333333333333
116 0.2908644378185272 1.0 29.088744279678373 0.6233333333333333 0.6699999999999999
117 0.2886599600315094 1.0 29.078534304642346 0.6233333333333333 0.6633333333333333
118 0.2901800572872162 1.0 29.075514446148098 0.62 0.6766666666666667
119 0.28952786326408386 1.0 29.072902513312275 0.62 0.6933333333333334
120 0.2918351888656616 1.0 29.070815347646175 0.6266666666666667 0.69
121 0.291960209608078 1.0 29.067455472896665 0.6266666666666667 0.6633333333333333
122 0.289242684841156 1.0 29.068483220948913 0.6166666666666667 0.6699999999999999
123 0.29044562578201294 1.0 29.07025659664145 0.6233333333333333 0.6566666666666667
124 0.28962868452072144 1.0 29.062177518274446 0.62 0.7
125 0.28753629326820374 1.0 29.06103584348994 0.6233333333333333 0.69
126 0.2890641689300537 1.0 29.057925898776826 0.6233333333333333 0.7033333333333334
127 0.2903441786766052 1.0 29.05503281850576 0.6233333333333333 0.6833333333333333
128 0.29006052017211914 1.0 29.052220735845886 0.62 0.6866666666666666
129 0.2874075472354889 1.0 29.059827126205885 0.6233333333333333 0.6699999999999999
130 0.28813818097114563 1.0 29.053513325759482 0.63 0.6699999999999999
131 0.2892594635486603 1.0 29.054606846446887 0.62 0.6599999999999999
132 0.2877906560897827 1.0 29.04430313886349 0.6233333333333333 0.6799999999999999
133 0.2874198257923126 1.0 29.04473971762288 0.62 0.6766666666666667
134 0.28675588965415955 1.0 29.034449568004028 0.6233333333333333 0.6733333333333333
135 0.28596535325050354 1.0 29.040222404323195 0.6233333333333333 0.6833333333333333
136 0.2879110276699066 1.0 29.03832893994189 0.6233333333333333 0.6699999999999999
137 0.28803738951683044 1.0 29.037478238808486 0.63 0.69
138 0.287902295589447 1.0 29.040097013873183 0.6233333333333333 0.6933333333333334
139 0.289028525352478 1.0 29.0333596150966 0.62 0.6833333333333333
140 0.2878238558769226 1.0 29.026685086043244 0.63 0.6766666666666667
141 0.28333351016044617 1.0 29.022998037328836 0.6266666666666667 0.7033333333333334
142 0.28619712591171265 1.0 29.02015939405284 0.6266666666666667 0.6833333333333333
143 0.28577762842178345 1.0 29.020599201648896 0.6266666666666667 0.6633333333333333
144 0.28674572706222534 1.0 29.01161425282936 0.6233333333333333 0.6799999999999999
145 0.286842942237854 1.0 29.006844312301915 0.6333333333333333 0.6699999999999999
146 0.2852659523487091 1.0 29.00457100351033 0.6266666666666667 0.6799999999999999
147 0.2863920331001282 1.0 29.01496788300788 0.6333333333333333 0.6766666666666667
148 0.2876708507537842 1.0 29.01218512292461 0.6266666666666667 0.6733333333333333
149 0.286369651556015 1.0 28.99471895752496 0.62 0.69
150 0.28646790981292725 1.0 28.98629616549013 0.6266666666666667 0.6933333333333334
151 0.28769350051879883 1.0 28.977593578427015 0.6266666666666667 0.6799999999999999
152 0.2863847613334656 1.0 28.984759828941293 0.63 0.6933333333333334
153 0.285854309797287 1.0 28.98545350038461 0.6233333333333333 0.69
154 0.285054087638855 1.0 28.983827195233918 0.6266666666666667 0.6866666666666666
155 0.2838226556777954 1.0 28.989411406325832 0.6333333333333333 0.7066666666666667
156 0.28473788499832153 1.0 28.987285289456818 0.6266666666666667 0.6833333333333333
157 0.2844417691230774 1.0 28.99574755565969 0.6266666666666667 0.6933333333333334
158 0.2849067449569702 1.0 28.997249460810348 0.6366666666666667 0.6933333333333334
159 0.28470075130462646 1.0 29.00073645516024 0.62 0.69
160 0.28385087847709656 1.0 29.00241972730442 0.6266666666666667 0.6933333333333334
161 0.28799301385879517 1.0 29.001603870554536 0.6266666666666667 0.6666666666666667
162 0.2853514850139618 1.0 28.9881712528377 0.6266666666666667 0.6633333333333333
163 0.28427645564079285 1.0 28.980635007555872 0.6266666666666667 0.7133333333333334
164 0.28410932421684265 1.0 28.98850971765265 0.6266666666666667 0.69
165 0.2835359275341034 1.0 28.999069733722635 0.6266666666666667 0.6799999999999999
166 0.2858247756958008 1.0 28.98890074241883 0.6266666666666667 0.6933333333333334
167 0.28414520621299744 1.0 29.000802701213967 0.6233333333333333 0.6933333333333334
168 0.28510305285453796 1.0 29.011602646555296 0.6233333333333333 0.7033333333333334
169 0.28343284130096436 1.0 29.020403296706583 0.6333333333333333 0.69
170 0.2857659161090851 1.0 29.02521906050223 0.63 0.6799999999999999
171 0.2848813831806183 1.0 29.026469202700692 0.6266666666666667 0.6799999999999999
172 0.28346747159957886 1.0 29.030438143626366 0.63 0.7
173 0.28406772017478943 1.0 29.02225025414451 0.6266666666666667 0.6933333333333334
174 0.28339579701423645 1.0 29.029925730502306 0.6266666666666667 0.6799999999999999
175 0.2849268615245819 1.0 29.02744643229477 0.6233333333333333 0.7066666666666667
176 0.28495633602142334 1.0 29.022713678863518 0.63 0.6933333333333334
177 0.281858891248703 1.0 29.016133455116346 0.63 0.6933333333333334
178 0.28297629952430725 1.0 29.012411173298286 0.6333333333333333 0.7233333333333334
179 0.28595778346061707 1.0 29.01283407822746 0.63 0.69
180 0.28361016511917114 1.0 29.007211954634332 0.6333333333333333 0.69
181 0.2838934659957886 1.0 29.012623925978403 0.6366666666666667 0.6933333333333334
182 0.28268226981163025 1.0 29.01262569487742 0.6233333333333333 0.69
183 0.28265565633773804 1.0 29.021086795665546 0.62 0.6933333333333334
184 0.284024178981781 1.0 29.018223432366817 0.63 0.6933333333333334
185 0.2838103175163269 1.0 29.017864990660186 0.6266666666666667 0.6799999999999999
186 0.2820708453655243 1.0 29.01415364932327 0.63 0.6933333333333334
187 0.2829141318798065 1.0 29.015776141097742 0.63 0.69
188 0.28448230028152466 1.0 29.01207110820895 0.6333333333333333 0.6866666666666666
189 0.285688579082489 1.0 29.002996856039154 0.6266666666666667 0.6933333333333334
190 0.28707155585289 1.0 28.998308378964587 0.6366666666666667 0.6566666666666667
191 0.2851170301437378 1.0 28.98863074142566 0.63 0.6866666666666666
192 0.2851923704147339 1.0 28.985632350467014 0.63 0.7066666666666667
193 0.2854396104812622 1.0 28.98610506149506 0.6333333333333333 0.6966666666666667
194 0.2847731411457062 1.0 28.98352895771957 0.63 0.6866666666666666
195 0.2835617959499359 1.0 28.984399913422862 0.64 0.7066666666666667
196 0.28378409147262573 1.0 28.995172238994172 0.65 0.6866666666666666
197 0.28074249625205994 1.0 28.98375357630782 0.64 0.7133333333333334
198 0.28278741240501404 1.0 28.989897222663235 0.6433333333333333 0.6833333333333333
199 0.2838967442512512 1.0 28.984538202602984 0.64 0.6933333333333334
200 0.28323593735694885 1.0 28.983912205704737 0.6366666666666667 0.69
201 0.2835269868373871 1.0 28.978130617084968 0.6266666666666667 0.69
202 0.28245314955711365 1.0 28.97960157482735 0.64 0.6766666666666667
203 0.283062219619751 1.0 28.977201521465293 0.6433333333333333 0.69
204 0.28297412395477295 1.0 28.97470115222943 0.6466666666666667 0.69
205 0.2833719849586487 1.0 28.97234092352935 0.64 0.6933333333333334
206 0.2838871479034424 1.0 28.970303840693656 0.6366666666666667 0.6966666666666667
207 0.28247034549713135 1.0 28.96408079619927 0.6366666666666667 0.7066666666666667
208 0.28358158469200134 1.0 28.966466503462666 0.6433333333333333 0.6733333333333333
209 0.2809632122516632 1.0 28.964436205478556 0.64 0.6866666666666666
210 0.28196895122528076 1.0 28.967125620015555 0.6366666666666667 0.6966666666666667
211 0.2821101248264313 1.0 28.970681124930344 0.6433333333333333 0.6666666666666667
212 0.28327736258506775 1.0 28.973485251114305 0.6466666666666667 0.69
213 0.2802897095680237 1.0 28.964505575623974 0.6366666666666667 0.6933333333333334
214 0.28016117215156555 1.0 28.96724051022886 0.64 0.6833333333333333
215 0.2824057936668396 1.0 28.973395566426117 0.6433333333333333 0.6866666666666666
216 0.28226354718208313 1.0 28.97634246178947 0.6433333333333333 0.7033333333333334
217 0.2835068106651306 1.0 28.970909250437625 0.6466666666666667 0.6933333333333334
218 0.28183168172836304 1.0 28.968531879665885 0.6433333333333333 0.6699999999999999
219 0.27996036410331726 1.0 28.976399208261668 0.6333333333333333 0.6966666666666667
220 0.2801037132740021 1.0 28.967314614490476 0.6466666666666667 0.71
221 0.28088417649269104 1.0 28.952925677285425 0.6466666666666667 0.71
222 0.2799123227596283 1.0 28.954675597606865 0.6466666666666667 0.7066666666666667
223 0.2811920642852783 1.0 28.954537925931014 0.6433333333333333 0.7133333333333334
224 0.2811446785926819 1.0 28.956156115386445 0.65 0.6933333333333334
225 0.28112468123435974 1.0 28.962030612693663 0.64 0.6933333333333334
226 0.2791634202003479 1.0 28.95585294711624 0.64 0.6866666666666666
227 0.28031206130981445 1.0 28.950002024253692 0.6433333333333333 0.6933333333333334
228 0.2801663279533386 1.0 28.94794234054904 0.6433333333333333 0.6833333333333333
229 0.27899762988090515 1.0 28.9409365365635 0.6333333333333333 0.7033333333333334
230 0.2778162658214569 1.0 28.9448036812528 0.64 0.7233333333333334
231 0.27857962250709534 1.0 28.952004072427833 0.6366666666666667 0.7
232 0.278033584356308 1.0 28.949158412092263 0.64 0.7033333333333334
233 0.27866214513778687 1.0 28.95672794665017 0.6366666666666667 0.7033333333333334
234 0.2781066298484802 1.0 28.950653306291688 0.6466666666666667 0.7233333333333334
235 0.27792662382125854 1.0 28.941854071159227 0.6466666666666667 0.7166666666666667
236 0.27786239981651306 1.0 28.93588931497176 0.6433333333333333 0.7233333333333334
237 0.2767987549304962 1.0 28.940737839488662 0.64 0.7033333333333334
238 0.27825871109962463 1.0 28.94935709676519 0.6433333333333333 0.7033333333333334
239 0.2784793972969055 1.0 28.946666882530067 0.65 0.6866666666666666
240 0.27910029888153076 1.0 28.938333450880215 0.6433333333333333 0.71
241 0.27618342638015747 1.0 28.94445496979065 0.64 0.7133333333333334
242 0.27633821964263916 1.0 28.936628249903265 0.65 0.7066666666666667
243 0.27702221274375916 1.0 28.94022028544778 0.6466666666666667 0.73
244 0.27689895033836365 1.0 28.94752038696112 0.6333333333333333 0.6966666666666667
245 0.2797488868236542 1.0 28.94821037718076 0.65 0.71
246 0.278180330991745 1.0 28.935293855575548 0.6433333333333333 0.7066666666666667
247 0.2784881293773651 1.0 28.93502914578695 0.6466666666666667 0.7066666666666667
248 0.2781370282173157 1.0 28.9443550368383 0.64 0.7166666666666667
249 0.27927571535110474 1.0 28.939095986676485 0.64 0.71
250 0.2772105932235718 1.0 28.941839452077712 0.6366666666666667 0.7133333333333334
251 0.2775184214115143 1.0 28.94219336539194 0.6533333333333333 0.7033333333333334
252 0.2770170271396637 1.0 28.94572993701872 0.6466666666666667 0.7066666666666667
253 0.2765618860721588 1.0 28.955377723761245 0.6466666666666667 0.7033333333333334
254 0.27610886096954346 1.0 28.939389727693673 0.64 0.73
255 0.27680855989456177 1.0 28.948905022831305 0.6533333333333333 0.7
256 0.2783450484275818 1.0 28.945176285217705 0.6466666666666667 0.69
257 0.27798381447792053 1.0 28.94760195062767 0.6466666666666667 0.7066666666666667
258 0.278520792722702 1.0 28.94537579756347 0.6433333333333333 0.7033333333333334
259 0.2790420949459076 1.0 28.949114085422003 0.65 0.6966666666666667
260 0.27756404876708984 1.0 28.944530349630476 0.6433333333333333 0.7133333333333334
261 0.2771117091178894 1.0 28.94256005015487 0.65 0.6933333333333334
262 0.27387142181396484 1.0 28.943619425297538 0.65 0.7166666666666667
263 0.27595949172973633 1.0 28.942386771954574 0.6533333333333333 0.7133333333333334
264 0.27570512890815735 1.0 28.942937539799075 0.65 0.7166666666666667
265 0.27658355236053467 1.0 28.94408680733671 0.6566666666666667 0.7166666666666667
266 0.27725720405578613 1.0 28.943973815009016 0.6533333333333333 0.71
267 0.277065634727478 1.0 28.9292043901169 0.65 0.7166666666666667
268 0.2762643098831177 1.0 28.927428197577612 0.6466666666666667 0.72
269 0.2770628035068512 1.0 28.925047757222373 0.65 0.7066666666666667
270 0.27740415930747986 1.0 28.930420420604403 0.6533333333333333 0.7
271 0.27582648396492004 1.0 28.937436778540388 0.6566666666666667 0.73
272 0.27599185705184937 1.0 28.930183854680497 0.6533333333333333 0.7066666666666667
273 0.2763238251209259 1.0 28.925484543758063 0.6433333333333333 0.7
274 0.2751607298851013 1.0 28.939530886524885 0.65 0.7133333333333334
275 0.2737557291984558 1.0 28.936876519616227 0.6433333333333333 0.7066666666666667
276 0.27688679099082947 1.0 28.946704640971014 0.64 0.7033333333333334
277 0.2762514352798462 1.0 28.945175629201266 0.65 0.7166666666666667
278 0.2769789397716522 1.0 28.941368110612817 0.65 0.7266666666666667
279 0.27667686343193054 1.0 28.93391295596222 0.6566666666666667 0.7166666666666667
280 0.2803322672843933 1.0 28.92666505924746 0.6433333333333333 0.69
281 0.276729941368103 1.0 28.924713569041387 0.65 0.7133333333333334
282 0.275712251663208 1.0 28.92082227149645 0.6566666666666667 0.72
283 0.2770543694496155 1.0 28.914156150283134 0.6466666666666667 0.7066666666666667
284 0.2763707637786865 1.0 28.921516620277522 0.65 0.71
285 0.27628323435783386 1.0 28.916354920195015 0.6466666666666667 0.7166666666666667
286 0.27600520849227905 1.0 28.91598981475084 0.6466666666666667 0.6933333333333334
287 0.28027576208114624 1.0 28.921261390302053 0.6433333333333333 0.7033333333333334
288 0.2767215967178345 1.0 28.920359602205778 0.6599999999999999 0.7133333333333334
289 0.27671945095062256 1.0 28.918260337157026 0.65 0.7166666666666667
290 0.27541810274124146 1.0 28.919036222671124 0.6566666666666667 0.7033333333333334
291 0.27618157863616943 1.0 28.924204047963332 0.6566666666666667 0.72
292 0.2746035158634186 1.0 28.92120960141556 0.65 0.7266666666666667
293 0.277139812707901 1.0 28.925277298241806 0.65 0.7166666666666667
294 0.277559369802475 1.0 28.922376074859276 0.65 0.7066666666666667
295 0.27845340967178345 1.0 28.938038588392686 0.6533333333333333 0.6933333333333334
296 0.27341726422309875 1.0 28.941299255654673 0.65 0.7233333333333334
297 0.2744253873825073 1.0 28.943351441519777 0.6599999999999999 0.7033333333333334
298 0.2758224308490753 1.0 28.936269513999775 0.6466666666666667 0.7266666666666667
299 0.2745654284954071 1.0 28.94070247453726 0.6533333333333333 0.7
cur idx:  0
For watermark, PSNR: 28.940298858361132 SSIM: 0.972719 LPIPS: 0.33748713 ACC: 1.0
For attacks, PSNR: 28.979365896866366 SSIM: 0.9727879 LPIPS: 0.33686906 ACC: 0.64
0 0.37391507625579834 0.95 31.642613843769794 0.5033333333333334 0.5033333333333334
1 0.36870869994163513 0.97 31.59312951328007 0.5 0.5033333333333334
2 0.3623035252094269 0.9833333333333333 31.54887099610675 0.5033333333333334 0.5033333333333334
3 0.3564079999923706 0.9933333333333333 31.511012772595386 0.51 0.5133333333333333
4 0.35162848234176636 0.9933333333333333 31.46699372303472 0.5166666666666666 0.5366666666666666
5 0.3495309054851532 0.9933333333333333 31.42099875661053 0.5166666666666666 0.5266666666666666
6 0.3458031713962555 0.9933333333333333 31.383690412731827 0.5166666666666666 0.5666666666666667
7 0.34423109889030457 0.9933333333333333 31.337593198687497 0.5266666666666666 0.5366666666666666
8 0.34158068895339966 0.9933333333333333 31.28629561842785 0.53 0.5666666666666667
9 0.33916938304901123 1.0 31.239486007815866 0.54 0.5766666666666667
10 0.33707180619239807 1.0 31.188917067862754 0.54 0.5700000000000001
11 0.3342296779155731 1.0 31.14831895134411 0.5433333333333333 0.5800000000000001
12 0.3314685523509979 1.0 31.113376915088963 0.55 0.5666666666666667
13 0.32827141880989075 1.0 31.076043277372342 0.5566666666666666 0.5866666666666667
14 0.329253226518631 1.0 31.02862486069138 0.5633333333333334 0.5800000000000001
15 0.32574284076690674 1.0 30.998426748118607 0.56 0.6
16 0.3263443112373352 1.0 30.95566803756203 0.5633333333333334 0.5900000000000001
17 0.3253824710845947 1.0 30.89660088711279 0.5666666666666667 0.5966666666666667
18 0.3222430944442749 1.0 30.859981306662768 0.5666666666666667 0.6
19 0.32257962226867676 1.0 30.83374574887533 0.5633333333333334 0.5933333333333333
20 0.32064932584762573 1.0 30.78271656791372 0.56 0.61
21 0.3213047683238983 1.0 30.74596162873347 0.5633333333333334 0.5900000000000001
22 0.31895768642425537 1.0 30.71820922135736 0.56 0.6233333333333333
23 0.31955161690711975 1.0 30.692561875189313 0.5666666666666667 0.5966666666666667
24 0.3195161819458008 1.0 30.673007756069154 0.5700000000000001 0.6033333333333333
25 0.31732994318008423 1.0 30.64150176659101 0.5633333333333334 0.6266666666666667
26 0.3173397183418274 1.0 30.608108594586646 0.5666666666666667 0.6
27 0.31749045848846436 1.0 30.570501623612543 0.5733333333333333 0.61
28 0.31661081314086914 1.0 30.536082460958944 0.5700000000000001 0.6133333333333333
29 0.31518644094467163 1.0 30.4991930129235 0.5733333333333333 0.6033333333333333
30 0.3148777484893799 1.0 30.459587666494443 0.5733333333333333 0.6
31 0.3131169080734253 1.0 30.420873790743062 0.5733333333333333 0.6166666666666667
32 0.3083345890045166 1.0 30.386137542647962 0.5766666666666667 0.61
33 0.30938267707824707 1.0 30.356816245597006 0.5800000000000001 0.61
34 0.30558380484580994 1.0 30.31829769001117 0.5833333333333333 0.6166666666666667
35 0.3094664216041565 1.0 30.284256299758837 0.5866666666666667 0.6266666666666667
36 0.30618321895599365 1.0 30.24479929214525 0.5766666666666667 0.6166666666666667
37 0.30588412284851074 1.0 30.221855507992107 0.5700000000000001 0.6433333333333333
38 0.3037950098514557 1.0 30.1789843829121 0.5800000000000001 0.6466666666666667
39 0.30074042081832886 1.0 30.147832492711725 0.5800000000000001 0.65
40 0.30078327655792236 1.0 30.11653087583555 0.5800000000000001 0.65
41 0.3007563352584839 1.0 30.076224760865724 0.5766666666666667 0.6533333333333333
42 0.3022330403327942 1.0 30.050167498502095 0.5733333333333333 0.6566666666666667
43 0.29890987277030945 1.0 30.031241154809265 0.5833333333333333 0.64
44 0.2974559962749481 1.0 30.009570330094686 0.5800000000000001 0.6733333333333333
45 0.29943495988845825 1.0 29.985564290972167 0.5766666666666667 0.6633333333333333
46 0.29810279607772827 1.0 29.959569268705334 0.5866666666666667 0.6633333333333333
47 0.297242134809494 1.0 29.939126692938444 0.5800000000000001 0.6633333333333333
48 0.29569050669670105 1.0 29.92412913739131 0.5800000000000001 0.6599999999999999
49 0.2968725860118866 1.0 29.91007205244057 0.5833333333333333 0.6633333333333333
50 0.2979820966720581 1.0 29.89054397497356 0.5866666666666667 0.6733333333333333
51 0.29836776852607727 1.0 29.866900176945194 0.5833333333333333 0.6566666666666667
52 0.2936355471611023 1.0 29.845637873630494 0.5800000000000001 0.6733333333333333
53 0.2945948839187622 1.0 29.835949658500347 0.5833333333333333 0.6766666666666667
54 0.2952180504798889 1.0 29.820135034956117 0.5833333333333333 0.6666666666666667
55 0.2959376573562622 1.0 29.79763606572738 0.5900000000000001 0.6699999999999999
56 0.29595670104026794 1.0 29.777061510729578 0.5866666666666667 0.6633333333333333
57 0.29491689801216125 1.0 29.755617899807923 0.5833333333333333 0.6833333333333333
58 0.29571276903152466 1.0 29.731020582909892 0.5900000000000001 0.6566666666666667
59 0.295127272605896 1.0 29.716082388127226 0.5866666666666667 0.6799999999999999
60 0.2956686317920685 1.0 29.69392857793249 0.5866666666666667 0.6733333333333333
61 0.2942669987678528 1.0 29.67879610393556 0.5900000000000001 0.6666666666666667
62 0.29239940643310547 1.0 29.667293671057852 0.5900000000000001 0.69
63 0.2958187460899353 1.0 29.646902687484573 0.5900000000000001 0.6766666666666667
64 0.2944642901420593 1.0 29.633427976324963 0.5900000000000001 0.6866666666666666
65 0.2942715585231781 1.0 29.621706078213414 0.5866666666666667 0.6733333333333333
66 0.29159015417099 1.0 29.621014564631018 0.5900000000000001 0.6766666666666667
67 0.2918776571750641 1.0 29.616185350764376 0.6033333333333333 0.6933333333333334
68 0.2922408878803253 1.0 29.620419362983267 0.5933333333333333 0.6799999999999999
69 0.29498767852783203 1.0 29.618748699890727 0.5900000000000001 0.6733333333333333
70 0.29354363679885864 1.0 29.59919597481811 0.5933333333333333 0.6966666666666667
71 0.2925490140914917 1.0 29.59840854072672 0.6 0.6833333333333333
72 0.2922808527946472 1.0 29.577292632867447 0.5933333333333333 0.6766666666666667
73 0.29314351081848145 1.0 29.576250475270154 0.5900000000000001 0.6766666666666667
74 0.291108638048172 1.0 29.562195540966503 0.5966666666666667 0.7066666666666667
75 0.2925299108028412 1.0 29.54214296057077 0.5900000000000001 0.6833333333333333
76 0.2904942035675049 1.0 29.52056373938948 0.5966666666666667 0.6933333333333334
77 0.2902836799621582 1.0 29.52224871066962 0.5966666666666667 0.6866666666666666
78 0.2910299301147461 1.0 29.522570538661135 0.6 0.6833333333333333
79 0.29168665409088135 1.0 29.511811070530726 0.6 0.6833333333333333
80 0.2910880446434021 1.0 29.499562803640465 0.5900000000000001 0.6866666666666666
81 0.29136183857917786 1.0 29.494274145556577 0.6 0.69
82 0.2909903824329376 1.0 29.4844946377202 0.5933333333333333 0.69
83 0.2888045012950897 1.0 29.48399973806881 0.5966666666666667 0.6866666666666666
84 0.2889012098312378 1.0 29.479461507791726 0.5966666666666667 0.6966666666666667
85 0.28933218121528625 1.0 29.478179538742253 0.6 0.7
86 0.28898438811302185 1.0 29.46375727819673 0.6 0.6966666666666667
87 0.28893643617630005 1.0 29.45153855658066 0.6033333333333333 0.6866666666666666
88 0.2882224917411804 1.0 29.448924653257254 0.5966666666666667 0.6833333333333333
89 0.2900734841823578 1.0 29.436371132350715 0.6033333333333333 0.6966666666666667
90 0.2896725535392761 1.0 29.43694660546942 0.5933333333333333 0.69
91 0.289303183555603 1.0 29.430695863348095 0.6 0.7
92 0.28963592648506165 1.0 29.417829979700443 0.5966666666666667 0.7
93 0.28972241282463074 1.0 29.403358445904896 0.6 0.7066666666666667
94 0.29003632068634033 1.0 29.391012816333433 0.6133333333333333 0.69
95 0.2879735827445984 1.0 29.383730092665576 0.5933333333333333 0.7066666666666667
96 0.2900118827819824 1.0 29.37426558604839 0.6066666666666667 0.7
97 0.2912774085998535 1.0 29.370352125874767 0.6033333333333333 0.69
98 0.28832563757896423 1.0 29.353414397522492 0.6033333333333333 0.7066666666666667
99 0.2883349061012268 1.0 29.350520737636245 0.6 0.7
100 0.2883651554584503 1.0 29.357085307144004 0.5966666666666667 0.7
101 0.2886487543582916 1.0 29.348516918513326 0.6 0.7
102 0.2907968759536743 1.0 29.339968343646525 0.6033333333333333 0.6833333333333333
103 0.28912776708602905 1.0 29.34007172744743 0.6033333333333333 0.69
104 0.286153644323349 1.0 29.32606004008627 0.6033333333333333 0.71
105 0.2871543765068054 1.0 29.308839755678896 0.6066666666666667 0.7
106 0.2878819406032562 1.0 29.30886451882877 0.5966666666666667 0.6933333333333334
107 0.28712013363838196 1.0 29.307494394361623 0.6133333333333333 0.7033333333333334
108 0.2863507866859436 1.0 29.30005791007714 0.6033333333333333 0.71
109 0.2883208394050598 1.0 29.297887867241407 0.6033333333333333 0.6933333333333334
110 0.2870497405529022 1.0 29.293378688005948 0.6133333333333333 0.7033333333333334
111 0.28812354803085327 1.0 29.295469152545117 0.6066666666666667 0.69
112 0.28845280408859253 1.0 29.283461869321776 0.6066666666666667 0.7133333333333334
113 0.2862812280654907 1.0 29.286395573838607 0.6 0.7133333333333334
114 0.2881876230239868 1.0 29.281886455579706 0.61 0.7
115 0.28639525175094604 1.0 29.28096378129089 0.6133333333333333 0.6966666666666667
116 0.2872908413410187 1.0 29.275248199840682 0.61 0.69
117 0.2850668132305145 1.0 29.275103125467922 0.6066666666666667 0.7
118 0.2852591574192047 1.0 29.26240096260844 0.6 0.7066666666666667
119 0.28605329990386963 1.0 29.262795428410247 0.61 0.7166666666666667
120 0.2869574725627899 1.0 29.25730399306793 0.61 0.69
121 0.2872099280357361 1.0 29.25160647441267 0.6033333333333333 0.7033333333333334
122 0.28801971673965454 1.0 29.246407386367494 0.61 0.6833333333333333
123 0.2865709960460663 1.0 29.241244651027763 0.6066666666666667 0.7
124 0.2839294373989105 1.0 29.234087363854513 0.6066666666666667 0.7066666666666667
125 0.2830163240432739 1.0 29.23243496899579 0.6066666666666667 0.7133333333333334
126 0.2859194278717041 1.0 29.225306016092155 0.6033333333333333 0.71
127 0.2841661870479584 1.0 29.22737347474749 0.6166666666666667 0.7066666666666667
128 0.28485462069511414 1.0 29.225524303136705 0.6133333333333333 0.71
129 0.28387486934661865 1.0 29.21431472801966 0.6133333333333333 0.6966666666666667
130 0.2855404317378998 1.0 29.20750690712588 0.62 0.7133333333333334
131 0.2858204245567322 1.0 29.194763988283505 0.61 0.7066666666666667
132 0.2845657765865326 1.0 29.180236757649723 0.6166666666666667 0.6966666666666667
133 0.28487399220466614 1.0 29.178080228803964 0.62 0.7033333333333334
134 0.28488296270370483 1.0 29.18219160018968 0.6166666666666667 0.7133333333333334
135 0.28525257110595703 1.0 29.17824144441957 0.6233333333333333 0.7266666666666667
136 0.2827249765396118 1.0 29.19184659355402 0.6233333333333333 0.7233333333333334
137 0.285161554813385 1.0 29.189302212003632 0.6233333333333333 0.7133333333333334
138 0.28203579783439636 1.0 29.182417657312154 0.6233333333333333 0.7233333333333334
139 0.2831292152404785 1.0 29.185084790104128 0.63 0.7066666666666667
140 0.2818599343299866 1.0 29.183841688185893 0.6166666666666667 0.7366666666666667
141 0.2818281948566437 1.0 29.182744350621917 0.62 0.72
142 0.28165674209594727 1.0 29.178385681807978 0.62 0.7066666666666667
143 0.2822893261909485 1.0 29.172388668705885 0.62 0.72
144 0.2831439673900604 1.0 29.172247215057283 0.62 0.7066666666666667
145 0.28180351853370667 1.0 29.170376937265416 0.6133333333333333 0.7133333333333334
146 0.28148555755615234 1.0 29.167416284366293 0.6233333333333333 0.7233333333333334
147 0.2811290919780731 1.0 29.17485030927986 0.63 0.7033333333333334
148 0.28101420402526855 1.0 29.16883913578696 0.6133333333333333 0.7166666666666667
149 0.2823018431663513 1.0 29.158383537194116 0.62 0.7266666666666667
150 0.2843787670135498 1.0 29.157300470729194 0.6233333333333333 0.7066666666666667
151 0.2834956645965576 1.0 29.146308135729914 0.6166666666666667 0.72
152 0.281093031167984 1.0 29.140649577571523 0.6333333333333333 0.7166666666666667
153 0.28225234150886536 1.0 29.140618870793006 0.6233333333333333 0.7266666666666667
154 0.27968481183052063 1.0 29.141538307109066 0.6233333333333333 0.7333333333333334
155 0.27969491481781006 1.0 29.146366905123337 0.6166666666666667 0.72
156 0.2811501920223236 1.0 29.144691494933035 0.6266666666666667 0.7233333333333334
157 0.2812585234642029 1.0 29.135477383235752 0.62 0.7133333333333334
158 0.2815941870212555 1.0 29.130799506565353 0.6266666666666667 0.7233333333333334
159 0.28124913573265076 1.0 29.12945616664029 0.6233333333333333 0.74
160 0.27998360991477966 1.0 29.131781404789816 0.62 0.7233333333333334
161 0.28171777725219727 1.0 29.13114990241688 0.6266666666666667 0.7133333333333334
162 0.28169041872024536 1.0 29.1258251406678 0.6233333333333333 0.71
163 0.2813716232776642 1.0 29.11766294082131 0.6266666666666667 0.7133333333333334
164 0.2802830934524536 1.0 29.112875179988123 0.6233333333333333 0.7133333333333334
165 0.2819911241531372 1.0 29.111579562897518 0.63 0.7166666666666667
166 0.28169387578964233 1.0 29.101410129163323 0.6266666666666667 0.7233333333333334
167 0.2813914120197296 1.0 29.096698078540992 0.6266666666666667 0.71
168 0.2809728980064392 1.0 29.083040350032597 0.6233333333333333 0.7233333333333334
169 0.2799428105354309 1.0 29.077509278987073 0.6233333333333333 0.7233333333333334
170 0.2819657027721405 1.0 29.091014887571784 0.64 0.7066666666666667
171 0.2794676721096039 1.0 29.095088213411326 0.6333333333333333 0.7433333333333334
172 0.2794957756996155 1.0 29.099942498819665 0.64 0.7333333333333334
173 0.2811012268066406 1.0 29.102590043282266 0.6333333333333333 0.7233333333333334
174 0.2773716449737549 1.0 29.100206290332235 0.6366666666666667 0.7333333333333334
175 0.2788207530975342 1.0 29.10164336894333 0.64 0.74
176 0.2795190215110779 1.0 29.101281884081605 0.6433333333333333 0.7233333333333334
177 0.27955469489097595 1.0 29.092250943423068 0.6366666666666667 0.7166666666666667
178 0.2781110405921936 1.0 29.10001010069592 0.6366666666666667 0.7266666666666667
179 0.2782519459724426 1.0 29.101739060862563 0.63 0.7233333333333334
180 0.2814716100692749 1.0 29.10674769114415 0.6466666666666667 0.7133333333333334
181 0.2757461965084076 1.0 29.09593661226389 0.64 0.7266666666666667
182 0.2792358696460724 1.0 29.105143593362016 0.6333333333333333 0.72
183 0.27892184257507324 1.0 29.107810277403978 0.6333333333333333 0.71
184 0.27777785062789917 1.0 29.10293170650302 0.6266666666666667 0.7266666666666667
185 0.2779234051704407 1.0 29.103518619235413 0.6333333333333333 0.73
186 0.27889952063560486 1.0 29.10389319061618 0.64 0.7333333333333334
187 0.27830755710601807 1.0 29.091237939815414 0.6433333333333333 0.7366666666666667
188 0.2771972417831421 1.0 29.0940304096613 0.6366666666666667 0.7233333333333334
189 0.2769245505332947 1.0 29.093006170560987 0.64 0.7333333333333334
190 0.27931684255599976 1.0 29.09778390050691 0.64 0.72
191 0.2788727879524231 1.0 29.099361769806794 0.65 0.7266666666666667
192 0.2776604890823364 1.0 29.100841075221094 0.64 0.7233333333333334
193 0.27751123905181885 1.0 29.100594094493854 0.6466666666666667 0.7133333333333334
194 0.2763602137565613 1.0 29.098594522351988 0.64 0.7266666666666667
195 0.27784088253974915 1.0 29.08964691877184 0.6366666666666667 0.73
196 0.2750277817249298 1.0 29.088203984102798 0.6466666666666667 0.7266666666666667
197 0.27565088868141174 1.0 29.08176366630481 0.6366666666666667 0.7466666666666666
198 0.27585500478744507 1.0 29.080023527939204 0.63 0.7333333333333334
199 0.27773338556289673 1.0 29.08350216615319 0.6366666666666667 0.7266666666666667
200 0.2769371569156647 1.0 29.075076604384236 0.6266666666666667 0.7333333333333334
201 0.27671128511428833 1.0 29.079264677539406 0.64 0.7366666666666667
202 0.27496951818466187 1.0 29.084999485740628 0.6366666666666667 0.7533333333333333
203 0.2759498953819275 1.0 29.086220764440085 0.65 0.73
204 0.2771676182746887 1.0 29.084381099107862 0.6433333333333333 0.7433333333333334
205 0.2760923206806183 1.0 29.078813816658577 0.6466666666666667 0.7433333333333334
206 0.2761419117450714 1.0 29.06544424024526 0.64 0.7433333333333334
207 0.27808910608291626 1.0 29.061573749253323 0.6333333333333333 0.7233333333333334
208 0.2756604552268982 1.0 29.062458472487933 0.6366666666666667 0.72
209 0.27677974104881287 1.0 29.06857859943115 0.6366666666666667 0.74
210 0.2757088840007782 1.0 29.067483438350937 0.64 0.7466666666666666
211 0.27482539415359497 1.0 29.086818698322148 0.6366666666666667 0.7333333333333334
212 0.27551648020744324 1.0 29.084430089868288 0.64 0.7166666666666667
213 0.2761824429035187 1.0 29.0835818419685 0.6366666666666667 0.73
214 0.27482643723487854 1.0 29.089603502882202 0.64 0.7433333333333334
215 0.2766505181789398 1.0 29.091132764982394 0.6366666666666667 0.7366666666666667
216 0.2766713798046112 1.0 29.078628622978293 0.64 0.7266666666666667
217 0.2753978669643402 1.0 29.0765481665548 0.6466666666666667 0.7366666666666667
218 0.2754322290420532 1.0 29.0651949967932 0.6466666666666667 0.7466666666666666
219 0.276065468788147 1.0 29.07640623573929 0.6366666666666667 0.7433333333333334
220 0.2763098180294037 1.0 29.075094615687508 0.6366666666666667 0.72
221 0.2762710452079773 1.0 29.070679255380846 0.6466666666666667 0.75
222 0.27657729387283325 1.0 29.073073516382067 0.6533333333333333 0.7333333333333334
223 0.2738450765609741 1.0 29.062593355019317 0.6433333333333333 0.7366666666666667
224 0.274755597114563 1.0 29.058045992887184 0.65 0.73
225 0.2737343907356262 1.0 29.05541941193297 0.65 0.75
226 0.27192363142967224 1.0 29.06408887250535 0.64 0.7466666666666666
227 0.272926926612854 1.0 29.07589129899929 0.6433333333333333 0.74
228 0.27450093626976013 1.0 29.07598209608043 0.6433333333333333 0.7366666666666667
229 0.2734769284725189 1.0 29.07011412809944 0.6466666666666667 0.73
230 0.274191677570343 1.0 29.071934491415938 0.6466666666666667 0.73
231 0.2737109959125519 1.0 29.07500046492022 0.6466666666666667 0.7266666666666667
232 0.27358269691467285 1.0 29.07434685243931 0.65 0.73
233 0.2748289704322815 1.0 29.06707639240004 0.6466666666666667 0.75
234 0.27502328157424927 1.0 29.06474056545808 0.6466666666666667 0.7533333333333333
235 0.27573347091674805 1.0 29.05748646280003 0.6533333333333333 0.75
236 0.27543485164642334 1.0 29.048277137635566 0.64 0.7333333333333334
237 0.2744293212890625 1.0 29.04470944134509 0.6533333333333333 0.7333333333333334
238 0.27284473180770874 1.0 29.051245652079277 0.6433333333333333 0.7233333333333334
239 0.27280738949775696 1.0 29.054689514464744 0.64 0.7433333333333334
240 0.2769111096858978 1.0 29.064727958963104 0.64 0.7633333333333333
241 0.2743939757347107 1.0 29.05590696251112 0.6433333333333333 0.74
242 0.27495086193084717 1.0 29.056936611811196 0.6433333333333333 0.73
243 0.2720818817615509 1.0 29.052614270218186 0.6466666666666667 0.7433333333333334
244 0.2724471092224121 1.0 29.06813520607631 0.6433333333333333 0.7433333333333334
245 0.2727229595184326 1.0 29.06589703741509 0.6433333333333333 0.7333333333333334
246 0.2728261351585388 1.0 29.06963653094085 0.6433333333333333 0.7566666666666666
247 0.27315008640289307 1.0 29.07693767901271 0.6433333333333333 0.74
248 0.27229249477386475 1.0 29.073726460381586 0.64 0.74
249 0.27223411202430725 1.0 29.083040501460108 0.64 0.74
250 0.2712283730506897 1.0 29.086798938722595 0.64 0.7366666666666667
251 0.2727586030960083 1.0 29.090634622106812 0.6366666666666667 0.7433333333333334
252 0.2720782160758972 1.0 29.093518227791684 0.6433333333333333 0.75
253 0.2714540958404541 1.0 29.096962509269588 0.64 0.7233333333333334
254 0.27116161584854126 1.0 29.097482253708236 0.6466666666666667 0.7466666666666666
255 0.27272069454193115 1.0 29.09551309895651 0.6466666666666667 0.7366666666666667
256 0.2734566330909729 1.0 29.096451708526065 0.6466666666666667 0.7333333333333334
257 0.2723134756088257 1.0 29.09286114844743 0.64 0.7333333333333334
258 0.27171948552131653 1.0 29.08850586867228 0.6366666666666667 0.7366666666666667
259 0.27062302827835083 1.0 29.098905807655623 0.6366666666666667 0.7466666666666666
260 0.2705100178718567 1.0 29.091839437048232 0.6333333333333333 0.7366666666666667
261 0.27286848425865173 1.0 29.095740024968833 0.6366666666666667 0.7533333333333333
262 0.2722946107387543 1.0 29.092352077267748 0.6466666666666667 0.7433333333333334
263 0.2712366282939911 1.0 29.090072467585305 0.64 0.74
264 0.27066653966903687 1.0 29.07775502443957 0.6433333333333333 0.7433333333333334
265 0.2694105803966522 1.0 29.080115023894216 0.6366666666666667 0.76
266 0.2674679756164551 1.0 29.081903154984317 0.6466666666666667 0.76
267 0.2713989019393921 1.0 29.09099989524922 0.64 0.7433333333333334
268 0.27090978622436523 1.0 29.08954516934671 0.6266666666666667 0.7533333333333333
269 0.27130916714668274 1.0 29.084147567576302 0.64 0.74
270 0.2715742588043213 1.0 29.07935831957463 0.64 0.74
271 0.27058058977127075 1.0 29.091152959171037 0.64 0.7533333333333333
272 0.2715519368648529 1.0 29.09720653574552 0.6433333333333333 0.7533333333333333
273 0.27139782905578613 1.0 29.094913139174942 0.64 0.7333333333333334
274 0.2706942558288574 1.0 29.092741942918057 0.6433333333333333 0.7466666666666666
275 0.27147772908210754 1.0 29.086673091754392 0.6333333333333333 0.75
276 0.2717386484146118 1.0 29.08527605928245 0.6433333333333333 0.7366666666666667
277 0.26992282271385193 1.0 29.085752033359086 0.64 0.7566666666666666
278 0.2728941738605499 1.0 29.085864808976865 0.6466666666666667 0.74
279 0.270355224609375 1.0 29.077996830204967 0.65 0.74
280 0.2713584303855896 1.0 29.080493806266297 0.65 0.7333333333333334
281 0.27199095487594604 1.0 29.076678297572634 0.6466666666666667 0.74
282 0.26966771483421326 1.0 29.072300579099583 0.6366666666666667 0.75
283 0.2703302204608917 1.0 29.06956064520412 0.6466666666666667 0.7466666666666666
284 0.26922065019607544 1.0 29.07015805907689 0.64 0.7666666666666666
285 0.2682281732559204 1.0 29.072056561568104 0.6466666666666667 0.7633333333333333
286 0.2694578766822815 1.0 29.069123926514692 0.6466666666666667 0.7433333333333334
287 0.2710159420967102 1.0 29.07037008625005 0.64 0.7333333333333334
288 0.270622193813324 1.0 29.05702809944649 0.65 0.75
