Setting up [LPIPS] perceptual loss: trunk [vgg], v[0.1], spatial [off]
Loading model from: /home/cjh/anaconda3/lib/python3.11/site-packages/lpips/weights/v0.1/vgg.pth
finetuning encoder: 
0, 0.187, 0.177, 0.177, 0.108, 0.062
1, 0.176, 0.171, 0.171, 0.097, 0.061
2, 0.169, 0.160, 0.160, 0.091, 0.061
3, 0.162, 0.163, 0.163, 0.084, 0.061
4, 0.155, 0.152, 0.152, 0.079, 0.061
5, 0.152, 0.150, 0.150, 0.076, 0.060
6, 0.148, 0.142, 0.142, 0.074, 0.060
7, 0.145, 0.144, 0.144, 0.071, 0.060
8, 0.142, 0.142, 0.142, 0.069, 0.059
9, 0.139, 0.140, 0.140, 0.067, 0.059
cur epochs/idx:  0 / 0
For watermark, PSNR: 32.662105354388736 SSIM: 0.9906206 LPIPS: 0.116302565 ACC: 0.93125
For attacks, PSNR: 32.66231494972436 SSIM: 0.99063116 LPIPS: 0.115399554 ACC: 0.8666666666666667
0, 0.095, 0.065, 0.065, 0.045, 0.044
1, 0.089, 0.058, 0.058, 0.039, 0.044
2, 0.086, 0.046, 0.046, 0.038, 0.043
3, 0.084, 0.044, 0.044, 0.037, 0.043
4, 0.082, 0.040, 0.040, 0.035, 0.042
5, 0.080, 0.038, 0.038, 0.034, 0.042
6, 0.079, 0.040, 0.040, 0.033, 0.042
7, 0.078, 0.040, 0.040, 0.032, 0.041
8, 0.076, 0.038, 0.038, 0.032, 0.041
9, 0.076, 0.040, 0.040, 0.032, 0.040
