Setting up [LPIPS] perceptual loss: trunk [vgg], v[0.1], spatial [off]
Loading model from: /home/cjh/anaconda3/lib/python3.11/site-packages/lpips/weights/v0.1/vgg.pth
Finished loading model
Diffuse attack initialized with noise step 6 and use prompt 0
method: regen-cheng
0 0.358634352684021 0.9866666666666667 31.15865783310758 0.5066666666666666 27.421061730975115 0.51 25.164887926033828
1 0.35383084416389465 1.0 31.018892071048946 0.53 27.406128383171865 0.5066666666666666 25.148332270369764
2 0.35065263509750366 1.0 30.89379405116119 0.5266666666666666 27.392496601667272 0.5066666666666666 25.148772065295205
3 0.34844860434532166 1.0 30.751006027498363 0.5366666666666666 27.359600377207563 0.5066666666666666 25.145684431226442
4 0.34624573588371277 1.0 30.59003776221793 0.54 27.323935017452502 0.51 25.104057365344335
5 0.34253889322280884 1.0 30.409264812052346 0.5466666666666666 27.28025591569024 0.51 25.083643400533013
6 0.3403599262237549 1.0 30.21645165921523 0.5566666666666666 27.180295272506186 0.5133333333333333 25.072105266430103
7 0.3380899429321289 1.0 30.00674936978115 0.5566666666666666 27.110781886940533 0.5233333333333333 25.02253497819868
8 0.3356125056743622 1.0 29.793684914561254 0.5666666666666667 27.046069394442398 0.52 24.975245045874324
9 0.3334280252456665 1.0 29.590913237569993 0.5733333333333333 26.99894932454116 0.5233333333333333 24.959872768778215
10 0.3302224278450012 1.0 29.380661622020053 0.5733333333333333 26.879752324583563 0.5233333333333333 24.88872928157398
11 0.32885855436325073 1.0 29.193948000076077 0.5833333333333333 26.814249194230868 0.5266666666666666 24.87914629775493
12 0.3262692391872406 1.0 28.986758138109494 0.5866666666666667 26.700287763194453 0.5333333333333333 24.832167166343492
13 0.3242346942424774 1.0 28.786444290762326 0.5866666666666667 26.6028806004025 0.5466666666666666 24.769203756156244
14 0.3218440115451813 1.0 28.590409743682326 0.5866666666666667 26.510786131419902 0.5466666666666666 24.73302895305446
15 0.32020294666290283 1.0 28.404158075395173 0.5866666666666667 26.42427577689341 0.5433333333333333 24.7081768945414
16 0.31795719265937805 1.0 28.222996834262894 0.6033333333333333 26.338821914027022 0.54 24.63698549692838
17 0.31718364357948303 1.0 28.034248309784 0.6033333333333333 26.25669044811953 0.5533333333333333 24.575588979718866
18 0.31460854411125183 1.0 27.86381386061415 0.6066666666666667 26.137379346801257 0.5466666666666666 24.535614252458764
19 0.31289294362068176 1.0 27.701995855753133 0.61 26.03322565538344 0.5533333333333333 24.497889512858343
20 0.3117196559906006 1.0 27.540920346790116 0.6133333333333333 25.976261400890785 0.55 24.454915614106486
21 0.3099997639656067 1.0 27.384397164350244 0.6266666666666667 25.858388089266576 0.5633333333333334 24.372896818963
22 0.3083219528198242 1.0 27.247982839655815 0.6166666666666667 25.797144881867254 0.5700000000000001 24.33538732530006
23 0.3072778582572937 1.0 27.11265916470378 0.6133333333333333 25.741332923962432 0.5666666666666667 24.306446099176974
24 0.30488553643226624 1.0 26.97285470230296 0.62 25.58766533949273 0.5666666666666667 24.274892106550496
25 0.3037796914577484 1.0 26.82824326787466 0.6166666666666667 25.519384925611078 0.5700000000000001 24.213531657037883
26 0.301984578371048 1.0 26.69125752820218 0.6133333333333333 25.4749809406163 0.5700000000000001 24.179081219428262
27 0.30023089051246643 1.0 26.560493920597935 0.6133333333333333 25.333917418484134 0.5766666666666667 24.071433985910907
28 0.29875320196151733 1.0 26.440643096835217 0.6166666666666667 25.26631206984564 0.5766666666666667 24.06611482454234
29 0.2974236011505127 1.0 26.314645830437776 0.6333333333333333 25.207264449385068 0.5800000000000001 24.03077218685388
30 0.2961130440235138 1.0 26.20110980850036 0.6366666666666667 25.089877491017848 0.5833333333333333 24.004188946701074
31 0.29435715079307556 1.0 26.07842087504748 0.6333333333333333 25.010710962964705 0.5900000000000001 23.939151923106287
32 0.29326412081718445 1.0 25.962259929783382 0.64 24.909042912853092 0.5900000000000001 23.918014041779408
33 0.2926577925682068 1.0 25.851266270874103 0.64 24.84507349443614 0.5866666666666667 23.849442217480167
34 0.2911994159221649 1.0 25.746724697355997 0.6433333333333333 24.773058691737674 0.5933333333333333 23.831195740599043
35 0.28956088423728943 1.0 25.638482584409807 0.6533333333333333 24.701924720612 0.5933333333333333 23.782231490770958
36 0.2885760962963104 1.0 25.54210629820161 0.65 24.639111844658487 0.5900000000000001 23.75174616979458
37 0.2874782979488373 1.0 25.441192143351664 0.6566666666666667 24.514136967686216 0.5900000000000001 23.687890159885857
38 0.2861219346523285 1.0 25.35427877379128 0.6666666666666667 24.45864656729901 0.5933333333333333 23.662963347079405
39 0.28519299626350403 1.0 25.255200095647766 0.6666666666666667 24.395875981839616 0.5900000000000001 23.590931486151906
40 0.2836553454399109 1.0 25.17135493697459 0.6799999999999999 24.298086500778894 0.5900000000000001 23.572087741517006
41 0.28305795788764954 1.0 25.08172804261525 0.6833333333333333 24.250765089474772 0.5900000000000001 23.545087249112726
42 0.2820751965045929 1.0 24.992631451604534 0.6799999999999999 24.17898667558952 0.6 23.487410091259665
43 0.2809634208679199 1.0 24.913652910596188 0.6866666666666666 24.11057644228912 0.6 23.447704215096966
44 0.2798682451248169 1.0 24.83598848632635 0.6766666666666667 24.03755035438519 0.6 23.40714497027788
45 0.2789280414581299 1.0 24.753889449429902 0.6866666666666666 23.988922684293943 0.6033333333333333 23.32635956430549
46 0.2781572937965393 1.0 24.681362304457775 0.69 23.917449767813153 0.6033333333333333 23.3494138593694
47 0.2775462865829468 1.0 24.61158000332924 0.6833333333333333 23.8640506272856 0.6 23.302840003675964
48 0.27642786502838135 1.0 24.541461066057842 0.6866666666666666 23.830835128632955 0.6066666666666667 23.282584847745387
49 0.275840163230896 1.0 24.47417455147432 0.6833333333333333 23.75231164612608 0.6033333333333333 23.24266954406206
50 0.27499496936798096 1.0 24.404542253813336 0.69 23.68111392547156 0.6 23.17361756136321
51 0.27404922246932983 1.0 24.339877764629204 0.6933333333333334 23.59863819932691 0.6066666666666667 23.148167648512782
52 0.2732539176940918 1.0 24.27427986756209 0.71 23.56427414702168 0.6033333333333333 23.11870768508787
53 0.27214378118515015 1.0 24.212298055976227 0.6933333333333334 23.509860300234216 0.6 23.07900162802084
54 0.2720453143119812 1.0 24.15458810579878 0.7 23.44090188361809 0.6033333333333333 23.069470628619623
55 0.27127376198768616 1.0 24.092938973753107 0.7133333333333334 23.42562979405352 0.61 23.031786658420074
56 0.2706771790981293 1.0 24.036056081872058 0.71 23.39897529248804 0.6066666666666667 23.008572074056516
57 0.2696004807949066 1.0 23.970657001508606 0.7133333333333334 23.336163982130834 0.6066666666666667 22.993320923203548
58 0.26866230368614197 1.0 23.91446222744881 0.7133333333333334 23.283070188012477 0.6066666666666667 22.917568672919607
59 0.2683904469013214 1.0 23.85700890564606 0.7166666666666667 23.218717898114548 0.6166666666666667 22.900808957936686
60 0.26765674352645874 1.0 23.806857472129824 0.71 23.18097893786792 0.6133333333333333 22.856353506144277
61 0.26710671186447144 1.0 23.756662086366486 0.7166666666666667 23.124949340483724 0.6133333333333333 22.836158412893507
62 0.2663850486278534 1.0 23.703931866179353 0.73 23.100269631340304 0.6133333333333333 22.80478065914556
63 0.26535937190055847 1.0 23.652436556009974 0.73 23.07424478813816 0.6166666666666667 22.797035553974986
64 0.26532813906669617 1.0 23.605234679749337 0.7233333333333334 23.026437411298243 0.6166666666666667 22.75201626172665
65 0.2648905813694 1.0 23.55397007379443 0.7233333333333334 22.974597031220192 0.6166666666666667 22.737827612945285
66 0.26380646228790283 1.0 23.506768529162798 0.7233333333333334 22.92723802260919 0.6233333333333333 22.66887923190019
67 0.2635490298271179 1.0 23.469262940076533 0.7233333333333334 22.89770638494246 0.6233333333333333 22.66398116753059
68 0.26279836893081665 1.0 23.423771230466283 0.7266666666666667 22.86407093067863 0.6266666666666667 22.612804715435363
69 0.26241350173950195 1.0 23.37479608791586 0.7266666666666667 22.8118965879796 0.62 22.601874694994343
70 0.2618089020252228 1.0 23.331891442818744 0.7333333333333334 22.790644889239925 0.6166666666666667 22.586723925608606
71 0.26133474707603455 1.0 23.28892840979231 0.7233333333333334 22.783949118034712 0.63 22.557005498730152
72 0.2600727379322052 1.0 23.24149166192791 0.7266666666666667 22.718617352435327 0.62 22.531388072914652
73 0.25926557183265686 1.0 23.198770854719086 0.73 22.68382411482014 0.6266666666666667 22.46091953917525
74 0.2591555118560791 1.0 23.158482253619347 0.7333333333333334 22.632903603415727 0.6233333333333333 22.461436171732707
75 0.25824734568595886 1.0 23.12018445288995 0.73 22.59644052633383 0.6266666666666667 22.466759330313344
76 0.25820276141166687 1.0 23.075247889479208 0.73 22.574548018350185 0.6266666666666667 22.41976707715513
77 0.2577221989631653 1.0 23.03118831651648 0.7266666666666667 22.537708774998627 0.6233333333333333 22.378060663601147
78 0.2570609450340271 1.0 22.990750143853447 0.7333333333333334 22.469522062336207 0.6266666666666667 22.37763794435608
79 0.2568182647228241 1.0 22.954058116152993 0.73 22.451316164234374 0.63 22.376424510911136
80 0.2560867965221405 1.0 22.915623368751877 0.73 22.429994622868886 0.6266666666666667 22.33176323940329
81 0.2551700472831726 1.0 22.879996471085086 0.7333333333333334 22.39818261265567 0.6233333333333333 22.31855402503109
82 0.25440871715545654 1.0 22.84630599382655 0.7266666666666667 22.365450995441716 0.6366666666666667 22.28753028853656
83 0.2545992136001587 1.0 22.814222439881682 0.73 22.359297783859148 0.63 22.275305643360905
84 0.2540372312068939 1.0 22.779268708373735 0.7333333333333334 22.306824436618076 0.63 22.222933148012412
85 0.25322139263153076 1.0 22.745898173670046 0.7333333333333334 22.302028414573478 0.63 22.23481394198185
86 0.2526223361492157 1.0 22.70835807957614 0.7433333333333334 22.239354836462752 0.6266666666666667 22.186976670029274
87 0.25227952003479004 1.0 22.674105127933174 0.74 22.209344378184923 0.63 22.17514886238455
88 0.25256407260894775 1.0 22.640450096993085 0.7433333333333334 22.20334140302109 0.63 22.150026371166376
89 0.25151026248931885 1.0 22.611177747565222 0.7433333333333334 22.15346335391095 0.63 22.130259943404905
90 0.25092002749443054 1.0 22.57782918110734 0.75 22.131072450727224 0.6333333333333333 22.079996808557496
91 0.2505304515361786 1.0 22.542490009770777 0.75 22.118458206069572 0.63 22.056048925247687
92 0.24992138147354126 1.0 22.512573822937053 0.7433333333333334 22.074981250528786 0.6366666666666667 22.0454537227565
93 0.24980835616588593 1.0 22.477766921602157 0.74 22.049225196515483 0.64 22.040470356286836
94 0.24909707903862 1.0 22.44490288361346 0.75 21.999785224329884 0.63 22.032318460167012
95 0.2485579252243042 1.0 22.415482045276 0.7466666666666666 21.982120221278286 0.6333333333333333 21.983605037918295
96 0.24831236898899078 1.0 22.38109993367705 0.7533333333333333 21.97741742945692 0.6333333333333333 21.976579685462873
97 0.24768023192882538 1.0 22.35197110270418 0.7433333333333334 21.93449981648734 0.6433333333333333 21.92030498652646
98 0.24751460552215576 1.0 22.32456394026841 0.7433333333333334 21.903782752442456 0.6366666666666667 21.96596819408079
99 0.24710212647914886 1.0 22.290479439699595 0.75 21.860929293823375 0.6366666666666667 21.915939652418373
100 0.24685996770858765 1.0 22.260852291430307 0.7533333333333333 21.90646304106299 0.63 21.865784206683827
101 0.24622376263141632 1.0 22.231845854251155 0.75 21.842080722099407 0.64 21.848534445569836
102 0.24566350877285004 1.0 22.207857828391955 0.7566666666666666 21.83225699136805 0.64 21.806909467691618
103 0.2453080713748932 1.0 22.177931806674334 0.76 21.775498110236708 0.6366666666666667 21.824465267299157
104 0.24526649713516235 1.0 22.151649131974374 0.76 21.761719395134538 0.64 21.80202114772671
105 0.24502474069595337 1.0 22.131232335609596 0.7533333333333333 21.772471745536297 0.6366666666666667 21.79165019651738
106 0.24409987032413483 1.0 22.104615941392666 0.7633333333333333 21.704040769987678 0.6466666666666667 21.754136380363178
107 0.24406880140304565 1.0 22.077323053973373 0.76 21.71021253751637 0.64 21.714791252686556
108 0.24321800470352173 1.0 22.051753851781545 0.77 21.680385827117945 0.65 21.72498611911406
109 0.24363157153129578 1.0 22.02647774328719 0.77 21.684698207635837 0.6466666666666667 21.6695371558191
110 0.24317793548107147 1.0 22.000638350905284 0.7666666666666666 21.623656103815296 0.6433333333333333 21.666338349688434
111 0.24193207919597626 1.0 21.976204887909056 0.7766666666666666 21.613008862758893 0.6466666666666667 21.651902668569324
112 0.2425125688314438 1.0 21.95332369927651 0.77 21.58694961979564 0.65 21.63355335060663
113 0.24163395166397095 1.0 21.934335149585046 0.7633333333333333 21.62313956691034 0.6533333333333333 21.62712141113368
114 0.24093759059906006 1.0 21.912206811579047 0.7766666666666666 21.55582030411605 0.6533333333333333 21.59060227663798
115 0.24033604562282562 1.0 21.890075631092817 0.78 21.513325044819062 0.6533333333333333 21.569120928336986
116 0.2407996505498886 1.0 21.86750096787818 0.78 21.511980584649407 0.6533333333333333 21.566686349767778
117 0.24062304198741913 1.0 21.83989363541897 0.7766666666666666 21.48934353420474 0.65 21.556732621470367
118 0.23981106281280518 1.0 21.820884602111157 0.7833333333333333 21.47828594503425 0.6533333333333333 21.496024741170817
119 0.23968647420406342 1.0 21.802630092710963 0.7733333333333333 21.49175834404361 0.65 21.5200739429415
120 0.2394438236951828 1.0 21.776328554649147 0.7766666666666666 21.466188025867297 0.65 21.478798965276145
121 0.23907019197940826 1.0 21.755829017798845 0.7766666666666666 21.42623748142336 0.6533333333333333 21.469705638476935
122 0.23866164684295654 1.0 21.734017865139915 0.7833333333333333 21.431342304412713 0.6533333333333333 21.438709423636226
123 0.23814208805561066 1.0 21.71570601497491 0.7866666666666666 21.419129357337052 0.65 21.432130534732906
124 0.23809680342674255 1.0 21.689741709193683 0.7833333333333333 21.37513726944273 0.65 21.42254003379424
125 0.2378482222557068 1.0 21.671278816253214 0.7766666666666666 21.360355187272553 0.65 21.394228648597867
126 0.23708628118038177 1.0 21.65048238776197 0.79 21.324686908409273 0.6633333333333333 21.38156091481686
127 0.23690006136894226 1.0 21.63447428292434 0.79 21.331208588490092 0.6533333333333333 21.37468116181847
128 0.23615986108779907 1.0 21.61832748697737 0.8133333333333334 21.289961349079917 0.6533333333333333 21.323224050998522
129 0.2363227903842926 1.0 21.59887689393633 0.7866666666666666 21.309403508252522 0.6566666666666667 21.370785685159138
130 0.23606804013252258 1.0 21.581440035212186 0.8 21.300255045406317 0.65 21.3162787625194
131 0.2363968789577484 1.0 21.561747034889628 0.8 21.288194863135278 0.6566666666666667 21.27937266036743
132 0.23514753580093384 1.0 21.54644335002796 0.81 21.252922501167916 0.6533333333333333 21.25703266022007
133 0.2352059781551361 1.0 21.528380442016616 0.8 21.22573115567373 0.65 21.27781468794716
134 0.23490077257156372 1.0 21.515408022823248 0.8 21.233064248911667 0.6599999999999999 21.26446736678681
135 0.23481988906860352 1.0 21.497963575086754 0.8 21.209602717989526 0.6533333333333333 21.27014801246649
136 0.23495350778102875 1.0 21.47535107816179 0.7966666666666666 21.188825441270673 0.6566666666666667 21.242156866298973
137 0.2340509295463562 1.0 21.46015652003961 0.8033333333333333 21.170777323308158 0.6566666666666667 21.203787228987142
138 0.23434293270111084 1.0 21.44334675680121 0.8 21.17330887196359 0.6566666666666667 21.197316108668083
139 0.2339223325252533 1.0 21.429038612831842 0.8066666666666666 21.155587197762507 0.65 21.18994937218211
140 0.2331703007221222 1.0 21.41286046198552 0.81 21.11429554406254 0.6599999999999999 21.170228142187618
141 0.23225286602973938 1.0 21.398353084529695 0.81 21.114256978031307 0.6566666666666667 21.130412960855587
142 0.23322418332099915 1.0 21.38220281356642 0.81 21.075411018048914 0.6599999999999999 21.161328906339044
143 0.23254820704460144 1.0 21.367494551680302 0.8133333333333334 21.084776172172127 0.6599999999999999 21.09072185331832
144 0.2326010763645172 1.0 21.355378709292378 0.8066666666666666 21.088021183671128 0.6533333333333333 21.121115694547647
145 0.23205921053886414 1.0 21.336669088664607 0.8133333333333334 21.028848730719737 0.6533333333333333 21.109292309029527
146 0.23264922201633453 1.0 21.32691210594027 0.81 21.07242400977515 0.6533333333333333 21.07888492096412
147 0.2318759709596634 1.0 21.305770347934487 0.8166666666666667 21.04058335301827 0.6566666666666667 21.080760223385127
148 0.23173852264881134 1.0 21.292810786261533 0.81 21.038826668797764 0.6599999999999999 21.06547387743875
149 0.2304932028055191 1.0 21.2793136747232 0.8166666666666667 20.99388000096099 0.6599999999999999 20.991298325700434
150 0.23077835142612457 1.0 21.26713397415202 0.81 20.99784936655256 0.6633333333333333 21.033714135576282
151 0.23086531460285187 1.0 21.25157270202724 0.8166666666666667 20.982222963099325 0.6599999999999999 20.983070842636383
152 0.23043376207351685 1.0 21.23745496567484 0.8066666666666666 20.984173305064395 0.6599999999999999 20.976270617851394
153 0.22985562682151794 1.0 21.223917108968994 0.8133333333333334 20.97712344279458 0.6533333333333333 20.925469757779354
154 0.2296053171157837 1.0 21.21095330835702 0.8166666666666667 20.93744329069752 0.6666666666666667 20.964503409301184
155 0.2293229103088379 1.0 21.194842363040046 0.8166666666666667 20.943228971506382 0.6633333333333333 20.951498020957597
156 0.22882480919361115 1.0 21.17858800749794 0.8133333333333334 20.922396140173056 0.6599999999999999 20.907459342918727
157 0.22892865538597107 1.0 21.161285217431008 0.81 20.888068670870684 0.6633333333333333 20.90150143783716
158 0.22795286774635315 1.0 21.15038528451993 0.81 20.905216613574584 0.6599999999999999 20.862883699791183
159 0.22816355526447296 1.0 21.136602291661802 0.8233333333333334 20.878553331835707 0.6633333333333333 20.878280864061555
160 0.22762766480445862 1.0 21.120959884627673 0.8200000000000001 20.87034545901122 0.6666666666666667 20.862162263005658
161 0.2269902229309082 1.0 21.102357047986914 0.8133333333333334 20.837317559729126 0.6733333333333333 20.813814780759632
162 0.22743242979049683 1.0 21.090217272594916 0.8233333333333334 20.842132560650512 0.6633333333333333 20.823756117950012
163 0.22695520520210266 1.0 21.074811876407466 0.8200000000000001 20.833891860750107 0.6566666666666667 20.772809643020125
164 0.22678770124912262 1.0 21.061667606639517 0.8133333333333334 20.79706242469825 0.6666666666666667 20.76209553929871
165 0.2264285832643509 1.0 21.050741994645197 0.8200000000000001 20.799148481326114 0.6666666666666667 20.74658120413251
166 0.22635041177272797 1.0 21.042836224154637 0.8233333333333334 20.82351896210895 0.6599999999999999 20.72765474012548
167 0.22587478160858154 1.0 21.028870625520312 0.8200000000000001 20.799437227498462 0.6699999999999999 20.747561858094898
168 0.22595906257629395 1.0 21.013995636201056 0.81 20.781328090608486 0.6666666666666667 20.707427674771036
169 0.22579148411750793 1.0 21.000453185412958 0.8233333333333334 20.776828457614865 0.6633333333333333 20.698804954813063
170 0.22572815418243408 1.0 20.988060298269993 0.8133333333333334 20.779474631590254 0.6666666666666667 20.697541150062623
171 0.22501812875270844 1.0 20.9773984739411 0.8200000000000001 20.75183218522648 0.6666666666666667 20.692400942408963
172 0.22506418824195862 1.0 20.96149726622931 0.8166666666666667 20.721802470662354 0.6666666666666667 20.65337081659228
173 0.22501036524772644 1.0 20.950971442710532 0.8333333333333334 20.712985952960118 0.6733333333333333 20.64017362837422
174 0.2242317795753479 1.0 20.93617226764689 0.8166666666666667 20.707116709806968 0.6633333333333333 20.637525046512465
175 0.2240181863307953 1.0 20.9240920421181 0.8233333333333334 20.700662679337025 0.6733333333333333 20.615453217181184
176 0.22404032945632935 1.0 20.911325918598354 0.8233333333333334 20.69282682976896 0.6666666666666667 20.564692382147058
177 0.22362056374549866 1.0 20.902710842124872 0.8200000000000001 20.677987174438634 0.6699999999999999 20.581693453511043
178 0.22361081838607788 1.0 20.887946069814806 0.8233333333333334 20.668680915970924 0.6733333333333333 20.571477572872965
179 0.22298140823841095 1.0 20.874407229518773 0.8233333333333334 20.66027146437493 0.6733333333333333 20.53325169853235
180 0.22283828258514404 1.0 20.860199939373445 0.8233333333333334 20.650007253595106 0.6666666666666667 20.532530438318393
181 0.22238212823867798 1.0 20.8468005667565 0.8233333333333334 20.604346639165733 0.6699999999999999 20.491898573422233
182 0.22234447300434113 1.0 20.84038901585924 0.8200000000000001 20.654118192362322 0.6766666666666667 20.53697014654221
183 0.22145718336105347 1.0 20.82741755821814 0.83 20.62402004471203 0.6699999999999999 20.4329302626677
184 0.2213653177022934 1.0 20.816207409273545 0.8266666666666667 20.616402164382592 0.6699999999999999 20.476046423822936
185 0.22134768962860107 1.0 20.80208511927122 0.8266666666666667 20.593139793282546 0.6766666666666667 20.424096563791867
186 0.22142665088176727 1.0 20.79497918093312 0.8266666666666667 20.583965840119603 0.6733333333333333 20.43488315338238
187 0.220699742436409 1.0 20.780623731221016 0.83 20.586247735410666 0.6699999999999999 20.387484393357205
188 0.2203538566827774 1.0 20.77142140017587 0.8333333333333334 20.54156723530365 0.6766666666666667 20.37740341045085
189 0.22062432765960693 1.0 20.76398980038611 0.8266666666666667 20.53606728796535 0.6733333333333333 20.368185146506228
190 0.22064882516860962 1.0 20.748937282105665 0.8266666666666667 20.550249748193835 0.6699999999999999 20.385478587470818
191 0.21965235471725464 1.0 20.73579730184731 0.83 20.52165967494205 0.6733333333333333 20.33463338937083
192 0.22001580893993378 1.0 20.72942553546211 0.83 20.54172974082253 0.6799999999999999 20.354638438688877
193 0.21962670981884003 1.0 20.718692278923395 0.8266666666666667 20.518781125315012 0.6733333333333333 20.313574707463303
194 0.22006839513778687 1.0 20.708183110127116 0.8266666666666667 20.5220800750004 0.6833333333333333 20.271421444749564
195 0.22010955214500427 1.0 20.695547343769277 0.8233333333333334 20.512369898922024 0.6766666666666667 20.332862105687667
196 0.2195138782262802 1.0 20.689532157215904 0.8233333333333334 20.49909523722043 0.6766666666666667 20.266136749748714
197 0.21874567866325378 1.0 20.680802931714716 0.8366666666666667 20.46539099912784 0.6833333333333333 20.282142350269847
198 0.21897141635417938 1.0 20.673231648186277 0.84 20.473289783526972 0.6833333333333333 20.26323675329891
199 0.21837975084781647 1.0 20.661661869385792 0.8266666666666667 20.477371954065653 0.6799999999999999 20.27662792887272
200 0.21891576051712036 1.0 20.652308506872473 0.83 20.435323949145662 0.6833333333333333 20.250969536890217
201 0.2182769775390625 1.0 20.64967514180145 0.8266666666666667 20.423179512174457 0.6799999999999999 20.27288034178476
202 0.21817772090435028 1.0 20.640200702165515 0.84 20.464649920598173 0.6799999999999999 20.248239809060905
203 0.21760395169258118 1.0 20.629280983090382 0.8333333333333334 20.409277700606555 0.6833333333333333 20.25718665824619
204 0.21774622797966003 1.0 20.62074887577634 0.8266666666666667 20.405450187778797 0.6833333333333333 20.25538795089107
205 0.2177535891532898 1.0 20.613540127053717 0.8366666666666667 20.436166586432275 0.6799999999999999 20.2141488414538
206 0.21738842129707336 1.0 20.604713096604286 0.8333333333333334 20.451871006949514 0.6833333333333333 20.17804537546358
207 0.2170398235321045 1.0 20.591960280462537 0.8366666666666667 20.418422322285565 0.6833333333333333 20.169258456189443
208 0.2166328728199005 1.0 20.583814889778452 0.8366666666666667 20.38555873440949 0.69 20.152207880353785
209 0.21693208813667297 1.0 20.577715516607014 0.8366666666666667 20.394784361640642 0.6766666666666667 20.199036535723323
210 0.2170465886592865 1.0 20.56601956200007 0.83 20.377689007413657 0.6933333333333334 20.15002476418751
211 0.21608789265155792 1.0 20.556716712279062 0.8433333333333333 20.377149786946354 0.69 20.15948414980865
212 0.21610845625400543 1.0 20.54788362724632 0.8266666666666667 20.333463756957798 0.6799999999999999 20.116885916313073
213 0.2162018120288849 1.0 20.544512415730395 0.8366666666666667 20.352435512807453 0.6833333333333333 20.13096220880367
214 0.2155359983444214 1.0 20.535880557043203 0.8433333333333333 20.344859244188843 0.69 20.110220686893904
215 0.2162007987499237 1.0 20.526024447060387 0.8366666666666667 20.33641014264827 0.6833333333333333 20.133341105007933
216 0.21540352702140808 1.0 20.519556263337453 0.8366666666666667 20.366311033334732 0.6866666666666666 20.09208351250582
217 0.2156815528869629 1.0 20.507227032753068 0.83 20.31503445781212 0.69 20.07998114551811
218 0.2150278091430664 1.0 20.502227766161862 0.8433333333333333 20.301585078161143 0.69 20.04043649896066
219 0.21508994698524475 1.0 20.494449840177282 0.8366666666666667 20.328879826157646 0.6866666666666666 20.088739321034037
220 0.21434739232063293 1.0 20.485912213757494 0.8533333333333333 20.319360497334493 0.69 20.030666736499736
221 0.21463549137115479 1.0 20.48172697501674 0.8433333333333333 20.306056398617514 0.6866666666666666 20.037188065830595
222 0.21480023860931396 1.0 20.47462620924632 0.8333333333333334 20.280464121620017 0.6933333333333334 20.036615323112407
223 0.2140222042798996 1.0 20.472661537745154 0.8433333333333333 20.286910163723118 0.6966666666666667 19.97203959622542
224 0.21424758434295654 1.0 20.46559993808308 0.8433333333333333 20.284098512211344 0.6866666666666666 20.040076901506932
225 0.21432456374168396 1.0 20.455147402738135 0.84 20.25468890584643 0.7 20.021421450991458
226 0.2140238732099533 1.0 20.449922606645007 0.8466666666666667 20.291204418690747 0.69 19.990459715212584
227 0.21317964792251587 1.0 20.438906385275764 0.8366666666666667 20.254329849615974 0.69 19.971335104854287
228 0.212805837392807 1.0 20.435839701337514 0.84 20.245785403088274 0.7 19.95423831104606
229 0.21272483468055725 1.0 20.42938985462606 0.8366666666666667 20.234264546946903 0.6966666666666667 19.872092740874507
230 0.2126763015985489 1.0 20.427428768519874 0.85 20.246895824427785 0.7066666666666667 19.903057265320598
231 0.21302810311317444 1.0 20.419922742174098 0.8433333333333333 20.23231384358072 0.69 19.995038344047526
232 0.21278724074363708 1.0 20.410048313993954 0.8366666666666667 20.221769088979336 0.7033333333333334 19.95991746100143
233 0.21228699386119843 1.0 20.402524429392944 0.8366666666666667 20.213580010179754 0.7 19.960002525433396
234 0.21300843358039856 1.0 20.393610438038678 0.84 20.23495319464675 0.69 19.953253918005895
235 0.21171458065509796 1.0 20.38284329064186 0.84 20.19469294802518 0.7 19.928991069306573
236 0.2117997109889984 1.0 20.377729748377536 0.84 20.18226704010802 0.6933333333333334 19.882795445114652
237 0.21185506880283356 1.0 20.37232269437352 0.85 20.215256981170672 0.6966666666666667 19.858077535269818
238 0.21210622787475586 1.0 20.358624842346345 0.8366666666666667 20.184155417615347 0.6966666666666667 19.903864640150513
239 0.21099276840686798 1.0 20.351576260649882 0.8466666666666667 20.173287503915205 0.7 19.863566189517034
240 0.21077001094818115 1.0 20.34004111887693 0.84 20.16569816867065 0.6933333333333334 19.824904523825587
241 0.21059517562389374 1.0 20.329228794652522 0.84 20.177622757089026 0.6933333333333334 19.756426943157603
242 0.21044501662254333 1.0 20.323937145477586 0.84 20.155565281555894 0.7 19.784623743902664
243 0.21033057570457458 1.0 20.31380111574597 0.8466666666666667 20.13714806697167 0.6966666666666667 19.796070423237428
244 0.2105407416820526 1.0 20.306081769233813 0.84 20.155449488832144 0.7 19.76859362563953
245 0.2099951058626175 1.0 20.300891144574052 0.84 20.13444249397038 0.7033333333333334 19.691554604370552
246 0.21012161672115326 1.0 20.29438495598874 0.85 20.113075284061583 0.6966666666666667 19.7122351269052
247 0.2096427083015442 1.0 20.286756255721148 0.85 20.130109248244914 0.7 19.70526315940746
248 0.20920826494693756 1.0 20.275261429577697 0.8433333333333333 20.11745175605825 0.7066666666666667 19.665421273155786
249 0.20900702476501465 1.0 20.26947067526615 0.86 20.081289967967653 0.7 19.74122918523343
250 0.20922377705574036 1.0 20.26346182447321 0.8466666666666667 20.11490028879395 0.7 19.704926776648197
251 0.2089269757270813 1.0 20.25468779079732 0.8466666666666667 20.103010329422297 0.7033333333333334 19.660236304861392
252 0.20843550562858582 1.0 20.246947119654447 0.85 20.07817462270076 0.7033333333333334 19.595853874370448
253 0.20846980810165405 1.0 20.245503799071173 0.8533333333333333 20.088941173549983 0.7033333333333334 19.647258704656036
254 0.20875176787376404 1.0 20.232965282628452 0.84 20.073506199486086 0.71 19.666549840043146
255 0.20794373750686646 1.0 20.226144219658458 0.8533333333333333 20.09069801800579 0.7066666666666667 19.636112945762964
256 0.20810063183307648 1.0 20.217717927326902 0.8566666666666667 20.05368083991715 0.7066666666666667 19.565148030506684
257 0.20749998092651367 1.0 20.21604336742118 0.8566666666666667 20.0616922443279 0.7033333333333334 19.589230659053648
258 0.2082090824842453 1.0 20.21307853876065 0.85 20.036019790594978 0.7 19.670110869718208
259 0.20794107019901276 1.0 20.203844658946313 0.8533333333333333 20.049288180688087 0.6966666666666667 19.564810738279604
260 0.20743122696876526 1.0 20.198215342561436 0.8533333333333333 20.019601698168405 0.71 19.586337296875623
261 0.20805680751800537 1.0 20.190494329565514 0.8466666666666667 20.049029670049965 0.7066666666666667 19.6242259233249
262 0.20741061866283417 1.0 20.181951076773366 0.85 20.014197180125883 0.7 19.547715414502168
263 0.20703989267349243 1.0 20.177388953560452 0.85 19.999050624024914 0.71 19.54886789696191
264 0.20690633356571198 1.0 20.17373939540715 0.8566666666666667 20.044940521702742 0.7 19.612876973410994
265 0.20665587484836578 1.0 20.16508139498569 0.8466666666666667 20.008399322396055 0.7 19.504352247246285
266 0.2070121169090271 1.0 20.159161159880394 0.8533333333333333 19.99937715176799 0.71 19.559771617520415
267 0.20696690678596497 1.0 20.149958117479283 0.8666666666666667 19.980372235957695 0.7066666666666667 19.574260617210197
268 0.20597058534622192 1.0 20.14367018654767 0.86 19.974991754111656 0.7033333333333334 19.44839274414984
269 0.2064935714006424 1.0 20.1374573856444 0.86 19.967594204791965 0.71 19.46167513306991
270 0.2063998281955719 1.0 20.13424040537876 0.8533333333333333 19.995259887628958 0.7 19.560464800511173
271 0.20646782219409943 1.0 20.12705296219 0.86 19.993294381594772 0.6966666666666667 19.554066179432077
272 0.20559807121753693 1.0 20.120951823169626 0.86 19.967674609093983 0.7 19.48136533026576
273 0.20586928725242615 1.0 20.120019129717942 0.86 19.947317870920216 0.71 19.504736426926726
274 0.20606988668441772 1.0 20.112597836619884 0.85 19.969198962144766 0.7066666666666667 19.477050363540126
275 0.2058219015598297 1.0 20.104188544655727 0.8633333333333333 19.95475642614145 0.7033333333333334 19.484141312642826
276 0.20527075231075287 1.0 20.09614307888604 0.8633333333333333 19.941510010024988 0.71 19.475753885085602
277 0.20547308027744293 1.0 20.092777390072737 0.8566666666666667 19.95674289591519 0.7133333333333334 19.480756520525468
278 0.20509985089302063 1.0 20.08708996121463 0.8633333333333333 19.96666314366973 0.71 19.411704611673752
279 0.20437824726104736 1.0 20.083252843590106 0.8633333333333333 19.90370909725836 0.7033333333333334 19.393071211377496
280 0.20525234937667847 1.0 20.079982059831487 0.8566666666666667 19.931474024195513 0.7033333333333334 19.504370854531963
281 0.20441466569900513 1.0 20.07275661123853 0.86 19.94196296825121 0.71 19.433070460207304
282 0.20434001088142395 1.0 20.065790956256976 0.8633333333333333 19.904664339948283 0.7033333333333334 19.440657950456494
283 0.20452910661697388 1.0 20.067199710520445 0.8666666666666667 19.90089130157315 0.7066666666666667 19.452736284570562
284 0.20429164171218872 1.0 20.05527315538128 0.8633333333333333 19.915337370902137 0.7166666666666667 19.42499507433132
285 0.20404337346553802 1.0 20.04799106824595 0.8666666666666667 19.90337432862811 0.7133333333333334 19.418341307209353
286 0.20399531722068787 1.0 20.04096971324259 0.8666666666666667 19.882092905549584 0.71 19.387826373757502
287 0.20370933413505554 1.0 20.0381002871198 0.87 19.88458661321872 0.7066666666666667 19.38969020453877
288 0.2041339874267578 1.0 20.035026618707555 0.87 19.91097533514276 0.7066666666666667 19.315329914321815
289 0.20378568768501282 1.0 20.032568456468695 0.86 19.885932277938362 0.71 19.416788504987522
290 0.20372089743614197 1.0 20.021615465160387 0.8533333333333333 19.866271713344872 0.7133333333333334 19.425710651995093
291 0.203377366065979 1.0 20.018098560171165 0.8633333333333333 19.847434712275152 0.71 19.42554831634639
292 0.2030799835920334 1.0 20.01252019345904 0.87 19.893429592299164 0.72 19.361755793961585
293 0.2035292536020279 1.0 20.005149217602472 0.8766666666666667 19.852174265740146 0.7 19.29935472319776
294 0.2028401643037796 1.0 20.005878845480844 0.87 19.86424465342418 0.7166666666666667 19.391233363286705
295 0.20322078466415405 1.0 20.004477133182014 0.8733333333333333 19.866127172130533 0.7066666666666667 19.374746647711095
296 0.2024811953306198 1.0 20.00093918605404 0.87 19.836301066517322 0.7166666666666667 19.317177787040425
297 0.20315639674663544 1.0 19.99577125506477 0.8633333333333333 19.875672425193635 0.7133333333333334 19.407713758654687
298 0.20299911499023438 1.0 19.98767892967138 0.8666666666666667 19.852616846362878 0.7133333333333334 19.347979994400472
299 0.20264920592308044 1.0 19.97940517635858 0.87 19.838198463285114 0.7066666666666667 19.253178525466677
cur idx:  0
For watermark, PSNR: 19.98053858939111 SSIM: 0.8633692 LPIPS: 0.42616123 ACC: 1.0
For attacks, PSNR: 19.85057517756306 SSIM: 0.8575633 LPIPS: 0.50387967 ACC: 0.8566666666666667
0 0.3734869658946991 0.94 31.615979870896208 0.45666666666666667 28.73602238079353 0.4733333333333334 27.24168388521454
1 0.3683481514453888 0.9933333333333333 31.392329637612804 0.45666666666666667 28.759961996621218 0.4766666666666667 27.263657104480714
2 0.3652087450027466 1.0 31.229919777660168 0.4666666666666667 28.722081022158577 0.48 27.258811504507868
3 0.3634706437587738 1.0 31.063057071250796 0.47 28.689470787381133 0.4766666666666667 27.263798323155783
4 0.3609912693500519 1.0 30.92582145050562 0.4633333333333334 28.702157588888817 0.48 27.209665546432433
5 0.3590741455554962 1.0 30.772790543597782 0.4733333333333334 28.627133162999392 0.4833333333333333 27.21366459625353
6 0.3568684756755829 1.0 30.60793500200919 0.4766666666666667 28.588993953119775 0.48 27.160601089707022
7 0.35509318113327026 1.0 30.409998841555502 0.4866666666666667 28.50165903878341 0.4833333333333333 27.105042060860363
8 0.3533289134502411 1.0 30.208239636509724 0.49 28.4184893806148 0.4833333333333333 27.024450580056637
9 0.3515264093875885 1.0 30.0049204234087 0.49 28.288188439327435 0.4866666666666667 26.972834730917278
10 0.3491053879261017 1.0 29.794188319661387 0.4866666666666667 28.183575795919594 0.4866666666666667 26.898237719570886
11 0.34754297137260437 1.0 29.60363510226567 0.4933333333333333 28.085128209628856 0.4833333333333333 26.84261802885115
12 0.3456980288028717 1.0 29.412919790628486 0.5033333333333334 27.941449985717046 0.4833333333333333 26.7605700908851
13 0.34358346462249756 1.0 29.219614670103205 0.5033333333333334 27.795919071084043 0.49 26.71296866909669
14 0.3426882028579712 1.0 29.034739337412066 0.5133333333333333 27.73458763996459 0.49 26.632376936877318
15 0.34104856848716736 1.0 28.843974529649657 0.5133333333333333 27.5784510956024 0.4866666666666667 26.56497601108567
16 0.33954060077667236 1.0 28.66311336800999 0.5166666666666666 27.45832765639896 0.4866666666666667 26.47690622108645
17 0.33821991086006165 1.0 28.50133225648298 0.5133333333333333 27.411036892594197 0.49 26.399961187160304
18 0.3363036811351776 1.0 28.33922382351908 0.5233333333333333 27.272703573893693 0.4866666666666667 26.35965597081332
19 0.3347582221031189 1.0 28.17635119314263 0.5233333333333333 27.148275661788833 0.4933333333333333 26.284057703613964
20 0.33320680260658264 1.0 28.016402279846332 0.5233333333333333 27.068728772906766 0.4966666666666667 26.17035480884802
21 0.33176863193511963 1.0 27.863213696247257 0.5233333333333333 26.955003233965968 0.5033333333333334 26.176082513736404
22 0.3302445709705353 1.0 27.718768594607308 0.5266666666666666 26.87030972256999 0.4966666666666667 26.081617027994017
23 0.32908645272254944 1.0 27.58047862657324 0.5266666666666666 26.760148677027296 0.5 25.992312264015887
24 0.3274116814136505 1.0 27.43853642941009 0.5366666666666666 26.659578345998423 0.4966666666666667 25.912608606529503
25 0.3251906931400299 1.0 27.276824904290763 0.53 26.530392910941604 0.4966666666666667 25.834197289057194
26 0.32386547327041626 1.0 27.14517732347334 0.54 26.464852978919325 0.5 25.734870849477495
27 0.3225000500679016 1.0 26.99460367971224 0.55 26.334895264532186 0.51 25.74428058035975
28 0.3209964632987976 1.0 26.864397592799854 0.5533333333333333 26.23571439858704 0.5033333333333334 25.644929967419436
29 0.3193144202232361 1.0 26.722013312399213 0.5633333333333334 26.15525119098028 0.5066666666666666 25.622009280788912
30 0.31748461723327637 1.0 26.581210953147636 0.5733333333333333 26.002190033879305 0.51 25.48111725358707
31 0.3165537714958191 1.0 26.451205807303054 0.5833333333333333 25.94071214158936 0.5133333333333333 25.391666299747357
32 0.31520846486091614 1.0 26.331736814308528 0.5800000000000001 25.805949228812043 0.51 25.355883854672683
33 0.3131338059902191 1.0 26.212193940870673 0.5900000000000001 25.716977580881814 0.5133333333333333 25.280913969666706
34 0.3116576075553894 1.0 26.09460398470071 0.5900000000000001 25.601110639941545 0.5166666666666666 25.190664202467758
35 0.3100458085536957 1.0 25.974519133661545 0.6066666666666667 25.495390581081125 0.5133333333333333 25.19300012912646
36 0.30830469727516174 1.0 25.85286349730156 0.61 25.373888370249578 0.5133333333333333 25.0792715566859
37 0.3069986402988434 1.0 25.73555647081153 0.61 25.298952619382998 0.5166666666666666 25.007975346879437
38 0.3053508400917053 1.0 25.622059618669333 0.61 25.22044818971441 0.5166666666666666 24.93356423618272
39 0.30395036935806274 1.0 25.513344519827044 0.6133333333333333 25.117037732953147 0.52 24.774197945472185
40 0.3026925027370453 1.0 25.411772118510193 0.6133333333333333 25.087033838639826 0.5266666666666666 24.795854934946657
41 0.30029720067977905 1.0 25.298176710372463 0.6166666666666667 24.904750748225027 0.5266666666666666 24.716816285778304
42 0.2988737225532532 1.0 25.186397456498387 0.6266666666666667 24.824494634947577 0.5233333333333333 24.642741486837277
43 0.29710114002227783 1.0 25.08611935283323 0.62 24.750936978711685 0.53 24.618774499803195
44 0.2960081696510315 1.0 24.98394186154588 0.63 24.702843041297168 0.53 24.50685470611497
45 0.29428809881210327 1.0 24.8820119911459 0.6333333333333333 24.557502248954982 0.5333333333333333 24.447830890073156
46 0.2929169237613678 1.0 24.790021194697005 0.6366666666666667 24.520074199834177 0.5366666666666666 24.368606020991454
47 0.29117926955223083 1.0 24.69588993718701 0.6433333333333333 24.39667362040993 0.5466666666666666 24.31741538836941
48 0.2897815406322479 1.0 24.604231104282576 0.6433333333333333 24.32748408803741 0.5466666666666666 24.260484784005563
49 0.2881181836128235 1.0 24.511591557791107 0.65 24.262515654434775 0.5533333333333333 24.160370622009918
50 0.2866736352443695 1.0 24.42456850944604 0.6466666666666667 24.192365411662458 0.5533333333333333 24.104993926753657
51 0.2854229509830475 1.0 24.33405674944641 0.65 24.08232815868333 0.5533333333333333 24.092750179589654
52 0.2840553820133209 1.0 24.238785140500383 0.65 24.034103972138237 0.5566666666666666 23.988410986133317
53 0.2823656499385834 1.0 24.152821697933163 0.65 23.94833107066288 0.5566666666666666 23.970622086843633
54 0.2801537811756134 1.0 24.066552834757616 0.6599999999999999 23.857094991555048 0.5566666666666666 23.844107440347244
55 0.2784179449081421 1.0 23.985896392869876 0.6566666666666667 23.78865575664525 0.56 23.793278123179576
56 0.2771954834461212 1.0 23.89991454119645 0.6733333333333333 23.71533419514046 0.5633333333333334 23.77605730982593
57 0.2757642865180969 1.0 23.812719911495446 0.6666666666666667 23.66105456950065 0.56 23.690543386249047
58 0.2735789716243744 1.0 23.730667944707765 0.6733333333333333 23.548723531926548 0.56 23.601174803028737
59 0.272874653339386 1.0 23.65227149051504 0.6766666666666667 23.47963306345626 0.5633333333333334 23.560227405490508
60 0.2711951434612274 1.0 23.581986618538142 0.6799999999999999 23.40641012131416 0.5733333333333333 23.523777425388722
61 0.2693568170070648 1.0 23.508761839816827 0.6833333333333333 23.362999537409934 0.5766666666666667 23.461345018901657
62 0.267252117395401 1.0 23.433329665646472 0.69 23.300355736651305 0.5733333333333333 23.40674576331527
63 0.26663562655448914 1.0 23.3660116680028 0.69 23.196319916277155 0.5833333333333333 23.359523830357617
64 0.26514917612075806 1.0 23.302135931683324 0.69 23.097420204917807 0.5800000000000001 23.258135784937892
65 0.26425841450691223 1.0 23.237940082558026 0.69 23.08734457373083 0.5766666666666667 23.248897583520414
66 0.26257628202438354 1.0 23.17243746944708 0.7033333333333334 22.994397591867237 0.5933333333333333 23.152560730252894
67 0.26234564185142517 1.0 23.11675157350678 0.7 22.989823875370433 0.5900000000000001 23.155336161195976
68 0.26059892773628235 1.0 23.049541180387855 0.7233333333333334 22.937321004369366 0.5933333333333333 23.09512336134712
69 0.259931743144989 1.0 22.991261440731776 0.7133333333333334 22.84524938868423 0.6 23.049067812711833
70 0.25820493698120117 1.0 22.934216079739702 0.7233333333333334 22.770741282971745 0.6 22.92835532281262
71 0.25763291120529175 1.0 22.886288417373578 0.73 22.720203604437156 0.6 22.948997755306486
72 0.2568983733654022 1.0 22.83076269713197 0.73 22.71664796235524 0.6033333333333333 22.8461855433886
73 0.2555810809135437 1.0 22.78016237891012 0.72 22.64482474029775 0.6133333333333333 22.826082442861463
74 0.2549576759338379 1.0 22.726238836009184 0.7233333333333334 22.58968302621199 0.62 22.80612126975553
75 0.25400111079216003 1.0 22.67540503149929 0.73 22.527244166827693 0.6133333333333333 22.781126981036167
76 0.25254207849502563 1.0 22.63049252910839 0.7466666666666666 22.475877450286568 0.6066666666666667 22.696835763727773
77 0.2520425319671631 1.0 22.583041318626336 0.7333333333333334 22.477670625772767 0.62 22.630168430850798
78 0.25069621205329895 1.0 22.533141923437775 0.7433333333333334 22.415358093877966 0.6133333333333333 22.573913720173984
79 0.25008347630500793 1.0 22.490461046973532 0.75 22.362437841651264 0.63 22.560332337819187
80 0.2493029534816742 1.0 22.444458433804254 0.7533333333333333 22.33878115158509 0.6233333333333333 22.534415888855925
81 0.24857832491397858 1.0 22.39627923682596 0.75 22.28389298678751 0.6266666666666667 22.502141065521187
82 0.24760204553604126 1.0 22.35146097430158 0.7433333333333334 22.256026758664504 0.63 22.420370953769158
83 0.24610646069049835 1.0 22.309937834854985 0.7566666666666666 22.1902002244804 0.6333333333333333 22.417389231086897
84 0.24517697095870972 1.0 22.26707094054961 0.7566666666666666 22.162009557797337 0.6333333333333333 22.341089266182305
85 0.24458059668540955 1.0 22.224532334703394 0.77 22.123485478524287 0.64 22.278671750215683
86 0.24337956309318542 1.0 22.185006677005504 0.7666666666666666 22.1112127808451 0.6433333333333333 22.233439127536254
87 0.24315834045410156 1.0 22.140554524362393 0.77 22.02603724694463 0.6366666666666667 22.179573694270896
88 0.24089249968528748 1.0 22.103051012587486 0.7733333333333333 21.973990177709748 0.6433333333333333 22.185515994456622
89 0.24056720733642578 1.0 22.064956470230754 0.7766666666666666 21.949752639283616 0.6433333333333333 22.108606769824174
90 0.24015679955482483 1.0 22.024565770273355 0.7733333333333333 21.892045985272198 0.6366666666666667 22.11775088521392
91 0.2390737235546112 1.0 21.987375141818852 0.7733333333333333 21.89975178731315 0.65 22.036978858361117
92 0.2384941279888153 1.0 21.945962914934704 0.77 21.83776840067939 0.6466666666666667 22.00608620001949
93 0.2369643598794937 1.0 21.915439121955437 0.7766666666666666 21.80402174948992 0.6466666666666667 21.93909085979343
94 0.23651453852653503 1.0 21.881191418705495 0.7766666666666666 21.75909688853643 0.6533333333333333 21.91179677569934
95 0.2365276962518692 1.0 21.843587075375318 0.7766666666666666 21.73992241640034 0.6466666666666667 21.903169525245367
96 0.2357647567987442 1.0 21.810224119668792 0.77 21.745500502184363 0.6466666666666667 21.863384277688684
97 0.23500879108905792 1.0 21.771245473952764 0.7766666666666666 21.667940876833278 0.6433333333333333 21.86024177283553
98 0.2335524559020996 1.0 21.737988987181854 0.7766666666666666 21.640763071309088 0.6533333333333333 21.813317837868695
99 0.23334363102912903 1.0 21.705417242001865 0.78 21.60944984572098 0.6533333333333333 21.747611279234693
100 0.2331756055355072 1.0 21.67197466880646 0.78 21.55047526964479 0.6533333333333333 21.732531357974764
101 0.23169949650764465 1.0 21.647368800067987 0.7833333333333333 21.546515504829493 0.6533333333333333 21.69028806112683
102 0.23140503466129303 1.0 21.610305866629847 0.7833333333333333 21.502094475428738 0.6533333333333333 21.67676108480657
103 0.23074743151664734 1.0 21.5848027006202 0.7833333333333333 21.483569077960777 0.6533333333333333 21.56740871127386
104 0.23063962161540985 1.0 21.55929149863034 0.7833333333333333 21.462149068602407 0.6533333333333333 21.623594767889998
105 0.2300790399312973 1.0 21.524081389296143 0.7866666666666666 21.424416794829767 0.65 21.622103579327128
106 0.2291649580001831 1.0 21.503551586972964 0.7866666666666666 21.401585255471506 0.6599999999999999 21.518828189459818
107 0.22837015986442566 1.0 21.47899019103802 0.7833333333333333 21.40256258335895 0.6533333333333333 21.481626584113926
108 0.22763080894947052 1.0 21.449891209174762 0.79 21.37093017162767 0.6599999999999999 21.476207870197392
109 0.22765757143497467 1.0 21.42333284227233 0.79 21.316331141431895 0.6666666666666667 21.397118912064087
110 0.22618302702903748 1.0 21.40610869264257 0.7933333333333333 21.30599288481961 0.6633333333333333 21.443106048684783
111 0.22616243362426758 1.0 21.380299412635182 0.8033333333333333 21.291698346141263 0.6599999999999999 21.442211818567365
112 0.22515875101089478 1.0 21.347430258076297 0.7966666666666666 21.26733390672657 0.6633333333333333 21.399661770659712
113 0.22522296011447906 1.0 21.320798875158786 0.7933333333333333 21.238209381397123 0.6533333333333333 21.322098811055447
114 0.2240401953458786 1.0 21.294481267949607 0.7966666666666666 21.20293352546849 0.6633333333333333 21.21374442099425
115 0.22361384332180023 1.0 21.271306021900124 0.7966666666666666 21.182448540215976 0.6666666666666667 21.256444394920972
116 0.22319787740707397 1.0 21.251103412000813 0.81 21.155884852618556 0.6633333333333333 21.232252045949505
117 0.22274646162986755 1.0 21.22852496437612 0.8 21.151787450934375 0.6733333333333333 21.209884945771876
118 0.22185274958610535 1.0 21.205849811685518 0.8066666666666666 21.13204864766111 0.6733333333333333 21.113489115610516
119 0.22185975313186646 1.0 21.181492179647524 0.8066666666666666 21.098308129112926 0.6799999999999999 21.1826018377826
120 0.22144624590873718 1.0 21.15883398455607 0.8066666666666666 21.08705629019683 0.6699999999999999 21.11419701496253
121 0.2206927090883255 1.0 21.135749360065805 0.8066666666666666 21.044260695121068 0.6699999999999999 21.047088350579727
122 0.22051282227039337 1.0 21.11375498421922 0.8133333333333334 21.043229946919276 0.6799999999999999 21.075328337578355
123 0.21982601284980774 1.0 21.09403923563572 0.8066666666666666 21.018716654880897 0.6799999999999999 21.057173707443685
124 0.21902227401733398 1.0 21.075067958695968 0.81 21.002993033958912 0.6866666666666666 20.977357977909264
125 0.2186681181192398 1.0 21.053450092457382 0.8133333333333334 20.974590064558715 0.6833333333333333 20.99491898192174
126 0.21895885467529297 1.0 21.033645512368352 0.81 20.993201791889714 0.6766666666666667 20.954937918124543
127 0.21792647242546082 1.0 21.0167220475184 0.81 20.928308945525007 0.6799999999999999 20.919377114003893
128 0.21751385927200317 1.0 20.99345573335102 0.8133333333333334 20.959443961024384 0.6833333333333333 20.890106486186674
129 0.21669460833072662 1.0 20.975375955676544 0.81 20.89522334348284 0.6799999999999999 20.85111377101827
130 0.2163790762424469 1.0 20.954740432794445 0.81 20.89606614923534 0.69 20.899803597809523
131 0.21613340079784393 1.0 20.934206435448772 0.8133333333333334 20.8641813201465 0.6933333333333334 20.858145472844228
132 0.2152637541294098 1.0 20.915875402518797 0.8166666666666667 20.87312255863063 0.6833333333333333 20.801324205484836
133 0.2150370180606842 1.0 20.89775843832962 0.8133333333333334 20.859975635619108 0.6866666666666666 20.734175019146708
134 0.2146306037902832 1.0 20.884189583320122 0.8133333333333334 20.832580934734768 0.6833333333333333 20.727972642873308
135 0.21456649899482727 1.0 20.86368387837212 0.8200000000000001 20.798066760297175 0.6933333333333334 20.739957339079567
136 0.2135520577430725 1.0 20.84718132597526 0.8166666666666667 20.792659590542243 0.69 20.648971178601236
137 0.2136278748512268 1.0 20.8321861800037 0.8233333333333334 20.78738843199656 0.6833333333333333 20.759586088630385
138 0.21282455325126648 1.0 20.812245159924146 0.8133333333333334 20.77933718479736 0.6866666666666666 20.619782180217054
139 0.21261274814605713 1.0 20.794118722047266 0.8233333333333334 20.764625382596734 0.6966666666666667 20.644884667673395
140 0.21201002597808838 1.0 20.77925723580708 0.8166666666666667 20.72367900063754 0.6866666666666666 20.593304269955315
141 0.21175360679626465 1.0 20.76654225142967 0.8366666666666667 20.690600499816426 0.6966666666666667 20.58288690098619
142 0.21135441958904266 1.0 20.75108657459804 0.8233333333333334 20.694517962338665 0.69 20.496486369164508
143 0.21067814528942108 1.0 20.73583848256466 0.8333333333333334 20.702949875354797 0.71 20.512919144064405
144 0.21041268110275269 1.0 20.71921590637739 0.8333333333333334 20.65300430766262 0.6966666666666667 20.520938801649397
145 0.210127592086792 1.0 20.70432304180533 0.8200000000000001 20.665452179723466 0.6966666666666667 20.522308804246244
146 0.20986393094062805 1.0 20.682299857280327 0.8233333333333334 20.63838061048337 0.6966666666666667 20.404969689675298
147 0.20924580097198486 1.0 20.668430059300494 0.83 20.617545605460208 0.7033333333333334 20.409780322033395
148 0.20904991030693054 1.0 20.65004012967707 0.8366666666666667 20.580125708076977 0.71 20.351963000759113
149 0.2084241807460785 1.0 20.644251494818313 0.83 20.647312195597905 0.6966666666666667 20.346437204653864
150 0.20829787850379944 1.0 20.631528700570204 0.8200000000000001 20.612313583523743 0.7066666666666667 20.286919731390604
151 0.20827153325080872 1.0 20.621399332176974 0.8433333333333333 20.58619562979466 0.7133333333333334 20.371820740300993
152 0.20861458778381348 1.0 20.60964455636622 0.83 20.597940821514953 0.71 20.361331703173743
153 0.20772051811218262 1.0 20.589566232545554 0.8366666666666667 20.555788711123043 0.6966666666666667 20.377605356516355
154 0.206423819065094 1.0 20.57355851364467 0.84 20.553686550311212 0.7 20.195920207899544
155 0.20689687132835388 1.0 20.561798869805582 0.8333333333333334 20.567610242490865 0.7033333333333334 20.189979530598393
156 0.2066851258277893 1.0 20.551643101897174 0.8266666666666667 20.52939308551549 0.7166666666666667 20.146665135593437
157 0.2060256004333496 1.0 20.540795742562125 0.84 20.50577554440002 0.71 20.17390649732192
158 0.20600320398807526 1.0 20.53219266593853 0.8433333333333333 20.495537960375266 0.7166666666666667 20.20554680169426
159 0.20528896152973175 1.0 20.517111405582998 0.84 20.498943417586414 0.7133333333333334 20.133031288330983
160 0.20549771189689636 1.0 20.505062691503845 0.8433333333333333 20.501792562197465 0.72 20.116221070552335
161 0.20490586757659912 1.0 20.495863950724107 0.85 20.47296520270677 0.72 20.126367228656598
162 0.20426955819129944 1.0 20.484991789917814 0.8466666666666667 20.46811972895013 0.72 20.13620391970097
163 0.2042894810438156 1.0 20.47262980391844 0.8533333333333333 20.457974143565703 0.7066666666666667 20.104008693129835
164 0.2037869095802307 1.0 20.459653217696943 0.8533333333333333 20.434977192683014 0.73 20.063539729483757
165 0.2029803842306137 1.0 20.451104401360563 0.8433333333333333 20.422166924447247 0.73 19.931450263058185
166 0.20299875736236572 1.0 20.443154574101282 0.8466666666666667 20.415973236359314 0.73 20.007300967708453
167 0.20361024141311646 1.0 20.42972850254189 0.84 20.41011940162072 0.7133333333333334 19.972563116602533
168 0.20261436700820923 1.0 20.418889499363758 0.8633333333333333 20.40236348672292 0.7233333333333334 19.963119822010526
169 0.20271313190460205 1.0 20.41313673217029 0.85 20.410661593068408 0.72 19.99638945159785
170 0.2020377516746521 1.0 20.397809595048916 0.85 20.357228761306366 0.7266666666666667 19.882574137019592
171 0.2021295726299286 1.0 20.3916634142615 0.8433333333333333 20.363930999157127 0.7233333333333334 19.91562243499214
172 0.20190173387527466 1.0 20.378933063308395 0.8533333333333333 20.36113441073272 0.73 19.98790690365782
173 0.20112530887126923 1.0 20.366033530855336 0.8566666666666667 20.340203147901907 0.7333333333333334 19.85045399894298
174 0.20140057802200317 1.0 20.35975148185618 0.8466666666666667 20.334412756913352 0.7366666666666667 19.88696174904144
175 0.20029066503047943 1.0 20.350764468996978 0.86 20.335968355142107 0.7366666666666667 19.736922653670884
176 0.2002221643924713 1.0 20.34493012750461 0.85 20.338102197816447 0.7333333333333334 19.88923176277177
177 0.20033906400203705 1.0 20.33018033931008 0.8566666666666667 20.329067441174985 0.74 19.825872941302297
178 0.20060884952545166 1.0 20.319141521132238 0.85 20.290311545823506 0.7433333333333334 19.819654036262694
179 0.19955457746982574 1.0 20.30788279900005 0.85 20.276008168956135 0.74 19.830670353613502
180 0.1993548572063446 1.0 20.29884496632295 0.8633333333333333 20.27738053534973 0.7566666666666666 19.696134902442267
181 0.19910061359405518 1.0 20.290809617608424 0.8533333333333333 20.304753196501185 0.74 19.64816586838561
182 0.1988932490348816 1.0 20.285414696111385 0.8633333333333333 20.266153908498822 0.7433333333333334 19.738907863590217
183 0.1985369622707367 1.0 20.27223999007766 0.8666666666666667 20.259026544277965 0.75 19.6838283994242
184 0.19879144430160522 1.0 20.263675765132717 0.8533333333333333 20.256178761192505 0.7466666666666666 19.67021428877168
185 0.19793573021888733 1.0 20.252975529848143 0.86 20.233600693836866 0.7466666666666666 19.630471991000135
186 0.19786837697029114 1.0 20.243468252791285 0.8633333333333333 20.214977537026506 0.7566666666666666 19.695477425434092
187 0.19762849807739258 1.0 20.233808291782005 0.86 20.24132845701725 0.7433333333333334 19.552345902667305
188 0.19790096580982208 1.0 20.225175137203028 0.8633333333333333 20.211153153434406 0.7466666666666666 19.676143436588973
189 0.19758525490760803 1.0 20.214660090409275 0.86 20.219835373966614 0.7566666666666666 19.67163293517331
190 0.19702458381652832 1.0 20.205156832039897 0.8566666666666667 20.212654361242315 0.76 19.555126815215473
191 0.19672080874443054 1.0 20.198268694049034 0.8633333333333333 20.194255300705706 0.7533333333333333 19.54939427821874
192 0.19572898745536804 1.0 20.189921502780578 0.87 20.19500028778539 0.76 19.581986079499806
193 0.1959976702928543 1.0 20.18055851793061 0.8666666666666667 20.17744315011477 0.7566666666666666 19.477431943002625
194 0.19633421301841736 1.0 20.169886784511917 0.8666666666666667 20.16942057661536 0.7633333333333333 19.507441873636616
195 0.1956137716770172 1.0 20.163675387059335 0.86 20.174951829694564 0.76 19.580734254823916
196 0.1958760768175125 1.0 20.152798379823622 0.8633333333333333 20.154406955196222 0.7666666666666666 19.45973416637455
197 0.19489704072475433 1.0 20.1470689275259 0.8666666666666667 20.14688027046194 0.77 19.44647432613616
198 0.19428616762161255 1.0 20.141028385869753 0.87 20.14074668253479 0.76 19.421960678328816
199 0.19490398466587067 1.0 20.134311210834337 0.8666666666666667 20.14971707929266 0.7666666666666666 19.507645730384013
200 0.19442766904830933 1.0 20.12008624385162 0.8733333333333333 20.11675864333711 0.76 19.372236742807488
201 0.19432523846626282 1.0 20.1144526220868 0.8566666666666667 20.158362689110582 0.7666666666666666 19.403103283371326
202 0.193799689412117 1.0 20.10030117845463 0.8666666666666667 20.098564245660366 0.7666666666666666 19.307189416715133
203 0.193893164396286 1.0 20.101760813325185 0.8666666666666667 20.120481556388235 0.77 19.345705160167643
204 0.19430576264858246 1.0 20.090727106816743 0.87 20.122365964492506 0.7666666666666666 19.412518647137226
205 0.19367893040180206 1.0 20.086019169294108 0.86 20.096355076374266 0.76 19.371579405212916
206 0.1930466592311859 1.0 20.07742496528691 0.8666666666666667 20.078000625917948 0.7666666666666666 19.346251921109513
207 0.19347508251667023 1.0 20.06814754782109 0.8633333333333333 20.09724667714928 0.7666666666666666 19.319519060763312
208 0.1926509439945221 1.0 20.06017583147658 0.87 20.08453426254162 0.77 19.261695833438495
209 0.1931270956993103 1.0 20.056504860433968 0.87 20.10337509386648 0.7566666666666666 19.294071486758384
210 0.19213241338729858 1.0 20.04980516228801 0.8666666666666667 20.061028873917188 0.77 19.21945460589104
211 0.1921103149652481 1.0 20.04728422049287 0.8733333333333333 20.080957114707765 0.77 19.282273338397648
212 0.19188794493675232 1.0 20.03632769189959 0.8733333333333333 20.044908971296415 0.7633333333333333 19.268034841856768
213 0.1916612833738327 1.0 20.028971382325203 0.87 20.07371316592726 0.7733333333333333 19.21802490849734
214 0.19061210751533508 1.0 20.017911528583184 0.8666666666666667 20.0500206795625 0.7766666666666666 19.130287618506717
215 0.19088444113731384 1.0 20.013170090805307 0.88 20.010578066143026 0.7633333333333333 19.14587354792744
216 0.19045546650886536 1.0 20.01047066528028 0.8733333333333333 20.035465981505016 0.7666666666666666 19.124504433955984
217 0.19054847955703735 1.0 20.00389950170447 0.8833333333333333 20.01331830284321 0.7633333333333333 19.127550771606465
218 0.1899702548980713 1.0 19.998913946258085 0.88 20.023333260179324 0.7733333333333333 19.20720072621784
219 0.18979912996292114 1.0 19.981787891197396 0.8633333333333333 20.021904645978555 0.77 19.04041404768727
220 0.18880867958068848 1.0 19.98234868682152 0.8766666666666667 20.012891310562853 0.7766666666666666 19.043648119040654
221 0.18909847736358643 1.0 19.972963657831496 0.87 19.997582835022605 0.7766666666666666 18.937840917886234
222 0.18857640027999878 1.0 19.97524215375359 0.87 19.975078595990567 0.78 19.059426418664636
223 0.18899491429328918 1.0 19.966871482309237 0.8733333333333333 20.015355221265345 0.77 19.00842835951933
224 0.18856282532215118 1.0 19.95964474258087 0.8666666666666667 19.980014516548735 0.7733333333333333 19.027133362259036
225 0.18786367774009705 1.0 19.95178746605267 0.8766666666666667 19.983075986250313 0.7833333333333333 18.928312729159583
226 0.188282310962677 1.0 19.953964802856156 0.88 19.99768114526195 0.7733333333333333 19.02497383380988
227 0.1874210089445114 1.0 19.93784617753438 0.87 19.985057750586137 0.7766666666666666 18.840513837718056
228 0.1876784861087799 1.0 19.936453482087245 0.8833333333333333 19.968257494459923 0.77 19.025461785028234
229 0.18782275915145874 1.0 19.922135151537553 0.87 19.961281246281914 0.78 18.993242197765024
230 0.18722055852413177 1.0 19.917976781358355 0.8766666666666667 19.944162770794385 0.7733333333333333 18.85849539715121
231 0.1869421899318695 1.0 19.915238430965438 0.8766666666666667 19.96803161033646 0.7866666666666666 18.91974887777254
232 0.18676921725273132 1.0 19.90347666120622 0.8766666666666667 19.93209184665366 0.7833333333333333 18.849806134076022
233 0.1865323781967163 1.0 19.89981119809779 0.8733333333333333 19.938431206190984 0.7833333333333333 18.838401502901487
234 0.18625175952911377 1.0 19.89265549403759 0.8733333333333333 19.938067570849746 0.7833333333333333 18.865602431767933
235 0.18610379099845886 1.0 19.888388938112566 0.8766666666666667 19.925692436324358 0.7833333333333333 18.861707162947233
236 0.18524637818336487 1.0 19.88265116195199 0.88 19.920818057921494 0.79 18.802322178717656
237 0.18603627383708954 1.0 19.87817521834476 0.8833333333333333 19.8847373282896 0.7833333333333333 18.892347748764
238 0.18538150191307068 1.0 19.870706039145787 0.8766666666666667 19.911092370443054 0.7933333333333333 18.75719138074976
239 0.18543867766857147 1.0 19.871847364954927 0.88 19.93428341750543 0.7866666666666666 18.790199034450385
240 0.185196191072464 1.0 19.86697517594315 0.88 19.935345272874475 0.79 18.836598692495134
241 0.18489965796470642 1.0 19.86084917606307 0.88 19.91225865495895 0.7833333333333333 18.695355934472126
242 0.18513105809688568 1.0 19.858206162319583 0.8766666666666667 19.902677125003173 0.79 18.744395045059044
243 0.18452724814414978 1.0 19.857472508524665 0.87 19.913861999559504 0.7866666666666666 18.72619721362095
244 0.18495260179042816 1.0 19.85326326293807 0.8833333333333333 19.895500477600315 0.7833333333333333 18.772879330372344
245 0.18404974043369293 1.0 19.84316802711262 0.8766666666666667 19.8836287247333 0.7833333333333333 18.659015352643536
246 0.1844029575586319 1.0 19.84014240892222 0.8766666666666667 19.913656537693473 0.79 18.793354636333106
247 0.18426568806171417 1.0 19.831612679191316 0.8833333333333333 19.867785382948355 0.7833333333333333 18.661175998338052
248 0.1839686632156372 1.0 19.82945642194756 0.88 19.881767841597355 0.7933333333333333 18.67991232446882
249 0.18431350588798523 1.0 19.827482609219878 0.8833333333333333 19.86927569896982 0.79 18.76175675446511
250 0.18385453522205353 1.0 19.823097260573135 0.88 19.870082379413844 0.7866666666666666 18.681885211598207
251 0.18374082446098328 1.0 19.817742225041805 0.88 19.878331361913506 0.7866666666666666 18.632521283155285
252 0.1833186000585556 1.0 19.811202190902314 0.8833333333333333 19.855186960294855 0.7933333333333333 18.59909382747876
253 0.1833537518978119 1.0 19.81026196869411 0.88 19.866027634302696 0.79 18.669701019815317
254 0.18331278860569 1.0 19.801895030218173 0.8866666666666667 19.825181364710684 0.7866666666666666 18.687306049079822
255 0.18290381133556366 1.0 19.799909769431373 0.88 19.862119291132426 0.7933333333333333 18.601428219577784
256 0.18249665200710297 1.0 19.798610439515546 0.8833333333333333 19.832467578860374 0.7933333333333333 18.701099233044797
257 0.18242600560188293 1.0 19.791784060447714 0.8733333333333333 19.868740076420696 0.7866666666666666 18.65701731547196
258 0.18242305517196655 1.0 19.787289395974607 0.8866666666666667 19.833822377562683 0.7933333333333333 18.570438235087025
259 0.18204648792743683 1.0 19.786804624224825 0.8866666666666667 19.843831305909767 0.8 18.624055936564268
260 0.1822296530008316 1.0 19.781744155561924 0.8766666666666667 19.85628603732257 0.7933333333333333 18.59948475070104
261 0.18166500329971313 1.0 19.779963291421936 0.88 19.8547121976804 0.7933333333333333 18.622954405814248
262 0.18215224146842957 1.0 19.778942829060828 0.89 19.825940582226004 0.79 18.57195163604043
263 0.18160511553287506 1.0 19.77606751353111 0.89 19.83112517876735 0.7933333333333333 18.57633820762884
264 0.18264299631118774 1.0 19.7775693231589 0.88 19.8303550579824 0.7933333333333333 18.61770484880626
265 0.18157115578651428 1.0 19.767347823407274 0.8833333333333333 19.80831266173275 0.79 18.52366285024807
266 0.18235135078430176 1.0 19.76329062068126 0.8833333333333333 19.810003832652733 0.79 18.556595266611417
267 0.1823015958070755 1.0 19.75879722476979 0.89 19.811306944145404 0.79 18.525768041429657
268 0.18101716041564941 1.0 19.75529502436857 0.88 19.827926866843953 0.7966666666666666 18.513025999658183
269 0.1813914030790329 1.0 19.75375038890147 0.8833333333333333 19.808611894369463 0.7933333333333333 18.605771439424117
270 0.1807810515165329 1.0 19.745162838612565 0.8833333333333333 19.807432206624487 0.7933333333333333 18.50271932996008
271 0.18036314845085144 1.0 19.7438859380755 0.8866666666666667 19.81209860268241 0.8 18.49332552921935
272 0.1801956593990326 1.0 19.742685045967143 0.8866666666666667 19.798406318542593 0.8 18.53988097297598
273 0.1794339418411255 1.0 19.738817116189434 0.8833333333333333 19.805517074555286 0.8033333333333333 18.494499277239672
cur idx:  1
For watermark, PSNR: 19.73575163498406 SSIM: 0.8280921 LPIPS: 0.48956117 ACC: 1.0
For attacks, PSNR: 19.857770178078738 SSIM: 0.8269658 LPIPS: 0.53449976 ACC: 0.88
0 0.3576318919658661 0.9966666666666667 30.77308855489654 0.4766666666666667 26.911145171917394 0.4933333333333333 24.697910789893157
1 0.35358893871307373 1.0 30.622572973535803 0.4833333333333333 26.892595889068343 0.49 24.70164762947323
2 0.3499315083026886 1.0 30.541058076589312 0.49 26.8908645389567 0.49 24.699148150517463
3 0.3473031520843506 1.0 30.40574591737051 0.5 26.850540296883114 0.49 24.67982143688678
4 0.34421220421791077 1.0 30.268845161103446 0.5 26.81468680090425 0.4933333333333333 24.64796253760391
5 0.34015822410583496 1.0 30.102168835692176 0.5266666666666666 26.77156546670426 0.4966666666666667 24.6257446307914
6 0.33731022477149963 1.0 29.90604921024421 0.53 26.661338143668072 0.4966666666666667 24.606005712186295
7 0.33484992384910583 1.0 29.69436072375089 0.53 26.616392882837108 0.4966666666666667 24.580216255164178
8 0.3315367102622986 1.0 29.493895524386392 0.5366666666666666 26.52357867447253 0.51 24.55668716870366
9 0.329116553068161 1.0 29.280932398979562 0.5333333333333333 26.41333154294137 0.5066666666666666 24.521258994175184
10 0.3260639011859894 1.0 29.07636615639767 0.5266666666666666 26.341717584052404 0.5133333333333333 24.473203289354537
11 0.3235304653644562 1.0 28.861290373774636 0.5333333333333333 26.23247583269996 0.5233333333333333 24.444246369247274
12 0.32070812582969666 1.0 28.656935811194202 0.5433333333333333 26.154830660868882 0.5233333333333333 24.4130290660399
13 0.31806841492652893 1.0 28.442062164074507 0.54 26.051975486080657 0.5266666666666666 24.315764253773914
14 0.31545817852020264 1.0 28.24769943682702 0.54 25.97496501818302 0.53 24.28869671812563
15 0.3136472702026367 1.0 28.05841852382063 0.55 25.88389408505991 0.5366666666666666 24.2389566462623
16 0.3109809458255768 1.0 27.865266397988044 0.5566666666666666 25.779314551422022 0.54 24.191966983412705
17 0.3088414967060089 1.0 27.687607089477034 0.5533333333333333 25.668585779467694 0.5333333333333333 24.145601874670362
18 0.3062620460987091 1.0 27.51394913148312 0.5700000000000001 25.58138843275685 0.53 24.095346587613452
19 0.30439090728759766 1.0 27.342852804336957 0.5733333333333333 25.476218836407437 0.53 24.009348036679615
20 0.30252212285995483 1.0 27.17321599008645 0.5766666666666667 25.36252118415304 0.5333333333333333 24.013816194525557
21 0.2997322380542755 1.0 27.01849630882264 0.5866666666666667 25.285829547130447 0.5366666666666666 23.915095514573746
22 0.29848888516426086 1.0 26.85834106634963 0.5833333333333333 25.196549915854547 0.5366666666666666 23.872109764842552
23 0.29556769132614136 1.0 26.703922439427494 0.5900000000000001 25.05683892587539 0.5466666666666666 23.840531411556555
24 0.29345518350601196 1.0 26.55493276492196 0.5800000000000001 25.000534941268732 0.5466666666666666 23.754150138896218
25 0.2913503050804138 1.0 26.40938779442638 0.6 24.884652446802843 0.5566666666666666 23.678509054419997
26 0.2901642620563507 1.0 26.263449290583605 0.6033333333333333 24.80048007550135 0.56 23.68374654781952
