Setting up [LPIPS] perceptual loss: trunk [vgg], v[0.1], spatial [off]
Loading model from: /home/cjh/anaconda3/lib/python3.11/site-packages/lpips/weights/v0.1/vgg.pth
Finished loading model
Diffuse attack initialized with noise step 6 and use prompt 0
method: wevade
0 0.3648374080657959 0.9866666666666667 31.15865783310758 0.5233333333333333 27.40677525461001 0.5033333333333334 25.15191152709172
1 0.3606857359409332 1.0 31.214478767962866 0.5166666666666666 27.41670947192913 0.51 25.16559720010664
2 0.35743576288223267 1.0 31.3699892775932 0.5366666666666666 27.467498786351413 0.5066666666666666 25.16911201589607
3 0.3548606038093567 1.0 31.482309341538222 0.5366666666666666 27.460914250793543 0.5066666666666666 25.21109000939129
4 0.35253462195396423 1.0 31.53918759074753 0.5466666666666666 27.453471432974514 0.51 25.190889217466854
5 0.351148784160614 1.0 31.520498222987623 0.5433333333333333 27.374917179624205 0.51 25.171366851806635
6 0.34900230169296265 1.0 31.484063748492815 0.5466666666666666 27.38589525847399 0.5166666666666666 25.180400668905296
7 0.3471061587333679 1.0 31.44517143690697 0.55 27.370625655253058 0.5166666666666666 25.17886441716965
8 0.34556618332862854 1.0 31.357673671139928 0.5666666666666667 27.31279127335675 0.5133333333333333 25.142290676747155
9 0.3443247675895691 1.0 31.26344514489957 0.5733333333333333 27.279974891662327 0.52 25.115446532210623
10 0.3423415720462799 1.0 31.16988620889019 0.5700000000000001 27.191310916119264 0.52 25.13839001653951
11 0.34133896231651306 1.0 31.04894477466988 0.5733333333333333 27.171570991321808 0.5233333333333333 25.121337378372125
12 0.34020525217056274 1.0 30.952306555078614 0.5800000000000001 27.135071922880666 0.5266666666666666 25.07412877781194
13 0.33821237087249756 1.0 30.829129426754058 0.5800000000000001 27.070926083212747 0.53 25.075503773801415
14 0.3372919261455536 1.0 30.724952684237408 0.5900000000000001 27.022493845021664 0.5333333333333333 25.040683543709523
15 0.33662259578704834 1.0 30.6073776515681 0.5933333333333333 26.975883945642906 0.53 25.022675195200765
16 0.335504949092865 1.0 30.491098378623185 0.5866666666666667 26.929206277778313 0.5466666666666666 24.99484288422057
17 0.3345256447792053 1.0 30.38238820546364 0.5866666666666667 26.868165156654378 0.5366666666666666 24.96809083115929
18 0.33318668603897095 1.0 30.2712484471045 0.5933333333333333 26.808159403559916 0.5366666666666666 24.970327434857857
19 0.3323962688446045 1.0 30.177959222189372 0.6033333333333333 26.799250870645132 0.54 24.915074579481672
20 0.33162903785705566 1.0 30.068505361697397 0.6 26.706025756532462 0.55 24.89680326160037
21 0.3308902382850647 1.0 29.97963937237079 0.5900000000000001 26.665373233027964 0.5466666666666666 24.884477416595338
22 0.3299944996833801 1.0 29.908605481993614 0.6066666666666667 26.60645695370317 0.54 24.850301972096972
23 0.32977497577667236 1.0 29.825105035787914 0.6033333333333333 26.59161630311564 0.5366666666666666 24.87147588412428
24 0.3289310038089752 1.0 29.73331553899608 0.6066666666666667 26.52759761129858 0.55 24.830867102293585
25 0.3288273215293884 1.0 29.657840009002943 0.6 26.506348353782737 0.5466666666666666 24.795751461776348
26 0.32797977328300476 1.0 29.572666547214013 0.6133333333333333 26.42481712230044 0.5466666666666666 24.773296177085577
27 0.3266555070877075 1.0 29.50486707392958 0.62 26.391828830234925 0.5433333333333333 24.78653750788096
28 0.3263344466686249 1.0 29.42445063248835 0.6133333333333333 26.332023070053694 0.5433333333333333 24.74881009725224
29 0.3258938193321228 1.0 29.345372650474886 0.6133333333333333 26.29783865194502 0.5566666666666666 24.738476459076058
30 0.3248825669288635 1.0 29.264481512615106 0.6166666666666667 26.283872368496375 0.5533333333333333 24.712111802094384
31 0.32419553399086 1.0 29.184135674684025 0.6166666666666667 26.24193836156751 0.56 24.703535718184227
32 0.3242128789424896 1.0 29.114094615013077 0.6033333333333333 26.203200766882212 0.56 24.681760567542433
33 0.3230239152908325 1.0 29.034138981850262 0.6133333333333333 26.161750760980556 0.56 24.639204045286405
34 0.32284611463546753 1.0 28.97041516482247 0.61 26.12150513102835 0.5666666666666667 24.646505997722144
35 0.3219856023788452 1.0 28.913624929241234 0.62 26.07446916885455 0.56 24.598708141342833
36 0.3214564323425293 1.0 28.84705653664902 0.61 26.021679271707914 0.56 24.589369024070983
37 0.32111823558807373 1.0 28.79530389266645 0.6166666666666667 25.99240740568609 0.5633333333333334 24.57287727881674
38 0.3205529749393463 1.0 28.730918795191936 0.6166666666666667 25.941253786440747 0.56 24.589616125330082
39 0.32024672627449036 1.0 28.672458715342145 0.62 25.922210041335543 0.5633333333333334 24.551120644380674
40 0.3197726309299469 1.0 28.60455129839712 0.6233333333333333 25.89173171729344 0.5733333333333333 24.52637988495581
41 0.31975194811820984 1.0 28.553831186707434 0.6166666666666667 25.851396439941006 0.5666666666666667 24.534826336541535
42 0.3188942074775696 1.0 28.496282369114837 0.6266666666666667 25.832242792503628 0.5733333333333333 24.51176962674368
43 0.3184085488319397 1.0 28.436686792338243 0.6266666666666667 25.799508136218897 0.5700000000000001 24.480144300686852
44 0.3178544342517853 1.0 28.39319945553663 0.6333333333333333 25.71679191874 0.5700000000000001 24.483300270916697
45 0.3171244263648987 1.0 28.3535069918845 0.65 25.702854051817035 0.5800000000000001 24.494217129188808
46 0.3172721564769745 1.0 28.309056196578233 0.64 25.71961959787094 0.5733333333333333 24.48218366292661
47 0.3166167736053467 1.0 28.268217001041997 0.64 25.668035528816958 0.5833333333333333 24.45216229406214
48 0.31734538078308105 1.0 28.229998597726738 0.65 25.652039114331725 0.5800000000000001 24.44822036187321
49 0.3161279261112213 1.0 28.175149105591903 0.6533333333333333 25.60200918275894 0.5800000000000001 24.419354716755898
50 0.31608846783638 1.0 28.141907828245223 0.6333333333333333 25.592440844073884 0.5766666666666667 24.42368581993721
51 0.3152410387992859 1.0 28.103599452094915 0.65 25.522621600754654 0.5800000000000001 24.402095745793112
52 0.3156535029411316 1.0 28.079614617826078 0.6466666666666667 25.553955700760586 0.5800000000000001 24.41542137605825
53 0.31527143716812134 1.0 28.052578635930935 0.6533333333333333 25.508028895692433 0.5800000000000001 24.38696877572354
54 0.314910352230072 1.0 28.012605096696255 0.65 25.490474621247365 0.5800000000000001 24.38379659330201
55 0.31471577286720276 1.0 27.99027888314004 0.6533333333333333 25.49645646088631 0.5800000000000001 24.391390955066484
56 0.31422317028045654 1.0 27.96139174174148 0.65 25.496824804034866 0.5800000000000001 24.35592015348788
57 0.31398341059684753 1.0 27.92798167463073 0.6666666666666667 25.43980170175829 0.5866666666666667 24.372736745865975
58 0.3135960102081299 1.0 27.903602845162805 0.65 25.37364452318314 0.5800000000000001 24.36505534005342
59 0.3132983446121216 1.0 27.86784228477053 0.6533333333333333 25.40826296538151 0.5800000000000001 24.31013897571594
60 0.31339770555496216 1.0 27.836413356316775 0.6633333333333333 25.376444795401337 0.5866666666666667 24.32698859324134
61 0.31325995922088623 1.0 27.798313863659764 0.6533333333333333 25.369425927108708 0.5833333333333333 24.300323467140082
62 0.31277817487716675 1.0 27.78452471032586 0.6666666666666667 25.33247726777575 0.5800000000000001 24.30765817144666
63 0.312867134809494 1.0 27.75161747543057 0.6699999999999999 25.34442836119925 0.5833333333333333 24.313592196814128
64 0.3124278485774994 1.0 27.730333921197108 0.6666666666666667 25.315307672450604 0.5866666666666667 24.31350889131872
65 0.3124959468841553 1.0 27.706799006412503 0.6666666666666667 25.32052167784723 0.5800000000000001 24.27431842299304
66 0.31224873661994934 1.0 27.693990163876748 0.6666666666666667 25.258067889530018 0.5833333333333333 24.305939645204205
67 0.31209543347358704 1.0 27.678073139768742 0.6599999999999999 25.295383622315338 0.5800000000000001 24.279443818109957
68 0.31172147393226624 1.0 27.659008059186196 0.6666666666666667 25.25154944075553 0.5800000000000001 24.289453414769483
69 0.312061607837677 1.0 27.63253893793828 0.6666666666666667 25.27885651969163 0.5800000000000001 24.2752669203528
70 0.3112410008907318 1.0 27.61145078807004 0.6699999999999999 25.247224543481025 0.5866666666666667 24.23779529054776
71 0.31122025847435 1.0 27.59187103394765 0.6633333333333333 25.205003355134554 0.5833333333333333 24.243842168685198
72 0.31128937005996704 1.0 27.57227661274577 0.6633333333333333 25.201039627741885 0.5800000000000001 24.252592598645673
73 0.310759574174881 1.0 27.550908670447907 0.6666666666666667 25.231576961527715 0.5733333333333333 24.261302958269155
74 0.31068941950798035 1.0 27.530437071559817 0.6699999999999999 25.158544966186597 0.5800000000000001 24.249031897363903
75 0.31048011779785156 1.0 27.51125817383571 0.6666666666666667 25.148634412416406 0.5833333333333333 24.243014959473683
76 0.3103026747703552 1.0 27.507916503059814 0.6666666666666667 25.168231821782406 0.5800000000000001 24.239343553186995
77 0.31003275513648987 1.0 27.48553033310933 0.6666666666666667 25.131814205716513 0.5900000000000001 24.220455082934187
78 0.3104066550731659 1.0 27.47510835755692 0.6733333333333333 25.128377790559192 0.5866666666666667 24.24005790472645
79 0.31014037132263184 1.0 27.44167244981484 0.6666666666666667 25.100420344361225 0.5866666666666667 24.202593375706556
80 0.31000077724456787 1.0 27.437508223394858 0.6699999999999999 25.15110381517622 0.5833333333333333 24.189517888754686
81 0.3097532391548157 1.0 27.409182594921756 0.6766666666666667 25.10759965157529 0.5900000000000001 24.22629203491658
82 0.3097321093082428 1.0 27.41041704356755 0.6699999999999999 25.083048169865492 0.5866666666666667 24.201138586707934
83 0.3095542788505554 1.0 27.385695596883885 0.6666666666666667 25.069493520262892 0.5866666666666667 24.18412233978202
84 0.309047132730484 1.0 27.379241833341847 0.6699999999999999 25.07297852090623 0.5900000000000001 24.1759615797184
85 0.3093860149383545 1.0 27.357392422817913 0.6733333333333333 25.07936768816608 0.5900000000000001 24.17379249772004
86 0.30849769711494446 1.0 27.357416334942023 0.6733333333333333 25.028062496229225 0.5900000000000001 24.146681132425485
87 0.30913135409355164 1.0 27.331245399626823 0.6766666666666667 25.06924254387611 0.5833333333333333 24.191789694894975
88 0.30801331996917725 1.0 27.324458264781804 0.6733333333333333 25.022574556300157 0.5933333333333333 24.15048613782965
89 0.30868998169898987 1.0 27.312550187346293 0.6733333333333333 25.042853649088066 0.5833333333333333 24.209679995083626
90 0.30790063738822937 1.0 27.288969680852162 0.6733333333333333 24.98106257019574 0.5933333333333333 24.150577574560323
91 0.30845847725868225 1.0 27.28709865811031 0.6799999999999999 24.978900551512293 0.6 24.172218524617417
92 0.3081795871257782 1.0 27.27647648461389 0.6733333333333333 25.009556813272166 0.5933333333333333 24.147750861284223
93 0.30780309438705444 1.0 27.260537524279357 0.6733333333333333 24.97102828725857 0.5866666666666667 24.16093450900103
94 0.3080597519874573 1.0 27.244996788212216 0.6733333333333333 24.978764388653225 0.5933333333333333 24.15428488589082
95 0.3078407049179077 1.0 27.228047224976457 0.6733333333333333 24.9672594682563 0.5933333333333333 24.110644826936788
96 0.30772560834884644 1.0 27.223014862934214 0.6766666666666667 24.95870273807402 0.5900000000000001 24.117218619947923
97 0.3079582750797272 1.0 27.223082767991112 0.6766666666666667 24.93508449287328 0.6033333333333333 24.152456515938052
98 0.30719006061553955 1.0 27.211363514047456 0.6866666666666666 24.969278446651067 0.5900000000000001 24.11750944254139
99 0.30708444118499756 1.0 27.19703683943839 0.6766666666666667 24.914033201066268 0.5900000000000001 24.122257356228268
100 0.30665332078933716 1.0 27.185608324887237 0.6766666666666667 24.89776574235897 0.5933333333333333 24.106081177649425
101 0.30709901452064514 1.0 27.172976385496284 0.6733333333333333 24.90123276661833 0.5866666666666667 24.104196267857105
102 0.30751535296440125 1.0 27.164829484773897 0.6799999999999999 24.913132119807415 0.5900000000000001 24.130199487480034
103 0.30681201815605164 1.0 27.14365046147545 0.6766666666666667 24.875919764669053 0.5966666666666667 24.09910163293408
104 0.30685314536094666 1.0 27.138110387071883 0.6866666666666666 24.891095618016415 0.6033333333333333 24.125046620300942
105 0.306368350982666 1.0 27.124055846398193 0.6766666666666667 24.834055318555734 0.6 24.087864944093752
106 0.3066062927246094 1.0 27.124237546127144 0.6766666666666667 24.88382633506413 0.5900000000000001 24.120789844798228
107 0.30648863315582275 1.0 27.108443946652734 0.6833333333333333 24.83746315119145 0.6066666666666667 24.066422853809797
108 0.3065163195133209 1.0 27.101658578310204 0.6799999999999999 24.847686533533565 0.5933333333333333 24.099627085067326
109 0.30618980526924133 1.0 27.096917705670272 0.6833333333333333 24.841861491989476 0.5900000000000001 24.11412010730034
110 0.3066079914569855 1.0 27.090990770628686 0.6833333333333333 24.855446472118516 0.5933333333333333 24.08956401120669
111 0.3062034845352173 1.0 27.07278178532265 0.6799999999999999 24.857036189519842 0.5966666666666667 24.081137477746882
112 0.3065159320831299 1.0 27.05874320889826 0.69 24.856819104530427 0.5933333333333333 24.071298638160002
113 0.3056454062461853 1.0 27.03850945110323 0.6733333333333333 24.80773479394989 0.5933333333333333 24.0700384702534
114 0.30594760179519653 1.0 27.05160612084338 0.69 24.852744681440747 0.5966666666666667 24.06277805300499
115 0.3058632016181946 1.0 27.031763986197618 0.6833333333333333 24.835610036686447 0.6 24.067934730121955
116 0.30564138293266296 1.0 27.014484713237287 0.6866666666666666 24.749652983403458 0.5966666666666667 24.077445067713235
117 0.30566897988319397 1.0 27.016591358392596 0.6866666666666666 24.78448101015548 0.5966666666666667 24.06238561471664
118 0.3052343428134918 1.0 26.998900399975163 0.6799999999999999 24.769067371184683 0.6033333333333333 24.053367198787647
119 0.3051227033138275 1.0 27.00225563431131 0.69 24.84468121599309 0.6 24.019240411353916
120 0.3054245412349701 1.0 26.9842041835157 0.6866666666666666 24.763543605958063 0.6033333333333333 24.034955912179644
121 0.30549806356430054 1.0 26.984993515934228 0.6933333333333334 24.73387747541501 0.6033333333333333 24.038583651997897
122 0.3055790066719055 1.0 26.97504777542631 0.6833333333333333 24.791683003839758 0.6 24.06055156319931
123 0.30464300513267517 1.0 26.95435586008957 0.6866666666666666 24.762154394459174 0.5966666666666667 24.042067231860955
124 0.3052145838737488 1.0 26.956794078560048 0.6866666666666666 24.70982470690975 0.6033333333333333 24.04200845313845
125 0.30494558811187744 1.0 26.957719076932825 0.6833333333333333 24.76716105636378 0.6 24.013550690445555
126 0.30470505356788635 1.0 26.951518005971163 0.6933333333333334 24.722202216469075 0.6 24.005391957524772
127 0.3050368130207062 1.0 26.94451030711339 0.69 24.732739891697708 0.5933333333333333 24.035914711538226
128 0.304773211479187 1.0 26.934663516706667 0.69 24.72642220818149 0.6033333333333333 24.007628610660312
129 0.3048143684864044 1.0 26.931113300721133 0.6966666666666667 24.73754439716067 0.6066666666666667 23.99271307461987
130 0.30542075634002686 1.0 26.923792649486877 0.6866666666666666 24.746349599055925 0.5966666666666667 24.021031288936964
131 0.30431661009788513 1.0 26.911443471685253 0.69 24.66404526738474 0.6 24.01690164305288
132 0.3049677014350891 1.0 26.914617799363377 0.69 24.717564142029794 0.61 24.03009207639176
133 0.3045123815536499 1.0 26.90721221494599 0.69 24.731975029955002 0.5966666666666667 24.013476334852356
134 0.304598331451416 1.0 26.898388436355773 0.69 24.72266244259503 0.6033333333333333 23.99190082017793
135 0.303780198097229 1.0 26.89094995677097 0.69 24.69432159611252 0.6066666666666667 23.99497455074881
136 0.30517449975013733 1.0 26.891371666486204 0.6966666666666667 24.69720499812631 0.5966666666666667 24.01789503331873
137 0.30459773540496826 1.0 26.879748392043737 0.6966666666666667 24.709696436264842 0.6033333333333333 23.99499252500209
138 0.3037579357624054 1.0 26.872073828455633 0.6966666666666667 24.70740494078512 0.6066666666666667 23.97705209045582
139 0.30428892374038696 1.0 26.861174785284014 0.6933333333333334 24.678454493607376 0.6033333333333333 23.983700171937883
140 0.30408424139022827 1.0 26.852007181339967 0.7 24.655940044041408 0.6066666666666667 23.997353187499332
141 0.3039853274822235 1.0 26.84731607371752 0.7033333333333334 24.699936734109805 0.6033333333333333 24.018395862028626
142 0.3036230206489563 1.0 26.83111337487183 0.7 24.63836419549761 0.6066666666666667 23.95817385732098
143 0.303386926651001 1.0 26.844256108466304 0.7033333333333334 24.634442228406563 0.6066666666666667 23.98170789663112
144 0.30381155014038086 1.0 26.841292188856333 0.7 24.680700039384796 0.6033333333333333 23.993908397671923
145 0.3032335937023163 1.0 26.82058508596198 0.6966666666666667 24.631190405872548 0.6066666666666667 23.93236580140576
146 0.3036424517631531 1.0 26.820480873526872 0.7 24.664937072930776 0.6033333333333333 23.961448258358004
147 0.304173082113266 1.0 26.810816626292016 0.6966666666666667 24.66717469758465 0.6066666666666667 24.013382157873792
148 0.303386926651001 1.0 26.804551223776937 0.71 24.61770701610447 0.6 23.971127431289307
149 0.3032129406929016 1.0 26.792799968848684 0.71 24.624237550633072 0.61 23.960290876512925
150 0.30316615104675293 1.0 26.789778211504025 0.7033333333333334 24.582075430879105 0.6 23.971617414006353
151 0.30327510833740234 1.0 26.77932913541134 0.7033333333333334 24.600656436754967 0.6033333333333333 23.934513910338495
152 0.30383554100990295 1.0 26.782429889198646 0.6966666666666667 24.619785817118732 0.6033333333333333 23.975732784987244
153 0.3032011091709137 1.0 26.77305735884832 0.7066666666666667 24.567965545818883 0.6033333333333333 23.95422149223787
154 0.3034283220767975 1.0 26.76982410382458 0.6933333333333334 24.615237392303637 0.6133333333333333 23.915991408503512
155 0.30296874046325684 1.0 26.7672072682358 0.7133333333333334 24.635684234262285 0.6066666666666667 23.948888826267787
156 0.30313199758529663 1.0 26.74568203009594 0.71 24.59712882398233 0.6066666666666667 23.901263976558134
157 0.302509605884552 1.0 26.74936206536139 0.7133333333333334 24.603465018948675 0.6033333333333333 23.90602342987193
158 0.30266886949539185 1.0 26.738395682993374 0.7066666666666667 24.573966862016 0.6 23.92020415835607
159 0.30261853337287903 1.0 26.731677161859302 0.7033333333333334 24.588774171574222 0.6033333333333333 23.912326921498853
160 0.3028642535209656 1.0 26.724465600593298 0.7133333333333334 24.59062442855953 0.6 23.894680211493665
161 0.302523672580719 1.0 26.70009425499602 0.7 24.555395626054164 0.61 23.91214929691218
162 0.3024860620498657 1.0 26.68851239860735 0.7033333333333334 24.54360320332283 0.6066666666666667 23.888041889144638
163 0.3018011450767517 1.0 26.670951089689247 0.71 24.53033886567331 0.6133333333333333 23.89526377581972
164 0.30247458815574646 1.0 26.67163768215172 0.7066666666666667 24.52894519654796 0.6033333333333333 23.882253437753164
165 0.30266863107681274 1.0 26.657876061780925 0.71 24.518075619849384 0.6033333333333333 23.88754031884369
166 0.3023969829082489 1.0 26.640983736894434 0.7166666666666667 24.525672448894266 0.6033333333333333 23.88698713018025
167 0.3022211790084839 1.0 26.634487539338025 0.7166666666666667 24.534486880354404 0.61 23.87006835130545
168 0.30205297470092773 1.0 26.615842405561043 0.7166666666666667 24.49101493452856 0.61 23.85739571261212
169 0.302482008934021 1.0 26.606326842460035 0.7066666666666667 24.4659475331476 0.61 23.88172807367548
170 0.3021506071090698 1.0 26.609670909557362 0.7066666666666667 24.47026905809004 0.61 23.8699646459748
171 0.30143770575523376 1.0 26.609767382008158 0.7033333333333334 24.484811843093503 0.6133333333333333 23.856755521035687
172 0.3011821508407593 1.0 26.599230216465134 0.7133333333333334 24.459271158731003 0.61 23.831096652990674
173 0.301667183637619 1.0 26.59249025669851 0.7066666666666667 24.43419968634156 0.6066666666666667 23.845491669407714
174 0.3008843660354614 1.0 26.58562965770257 0.71 24.434226810916577 0.61 23.860365641786064
175 0.30090492963790894 1.0 26.576372836546007 0.7133333333333334 24.416286850698153 0.61 23.83845037786712
176 0.3010461926460266 1.0 26.567682553765106 0.72 24.424863402754603 0.6066666666666667 23.807004393747558
177 0.30095160007476807 1.0 26.557313820536976 0.71 24.417057481205457 0.61 23.835448584026636
178 0.3008802831172943 1.0 26.552200046398916 0.7166666666666667 24.398267798364056 0.6033333333333333 23.809943574369818
179 0.30116018652915955 1.0 26.547678547130946 0.7166666666666667 24.404824041317084 0.6166666666666667 23.82982958401621
180 0.3004421293735504 1.0 26.53352399076517 0.72 24.40024456021287 0.6066666666666667 23.781024480717456
181 0.3013397455215454 1.0 26.532221626502334 0.71 24.445206934154537 0.61 23.790305859462837
182 0.300828218460083 1.0 26.517635243445604 0.72 24.361051221921212 0.61 23.81329824885993
183 0.3007439076900482 1.0 26.513945186900315 0.72 24.42259885517018 0.6033333333333333 23.818667918303152
184 0.30036264657974243 1.0 26.497414115967118 0.71 24.374199777834207 0.6133333333333333 23.81808658831224
185 0.30061405897140503 1.0 26.49726216910289 0.71 24.34128048413512 0.61 23.768810009079417
186 0.30082303285598755 1.0 26.49750531546792 0.7166666666666667 24.377894540563343 0.6166666666666667 23.793517931311378
187 0.3003207743167877 1.0 26.479938605708732 0.7233333333333334 24.360817626443097 0.6066666666666667 23.778640173610178
188 0.3002398610115051 1.0 26.472909001399707 0.7266666666666667 24.32967024907754 0.6066666666666667 23.806150399564284
189 0.3003016710281372 1.0 26.46011941521548 0.7066666666666667 24.35384038723676 0.6133333333333333 23.77492863128463
190 0.29992735385894775 1.0 26.456712834138813 0.7133333333333334 24.31118722250181 0.6133333333333333 23.73865334436006
191 0.2997637391090393 1.0 26.462563200621346 0.72 24.344845682305927 0.6066666666666667 23.71774338583557
192 0.29988089203834534 1.0 26.442265430736107 0.72 24.293944758360023 0.61 23.764907468321113
193 0.29982566833496094 1.0 26.43601828456417 0.7166666666666667 24.332124654886123 0.6133333333333333 23.719702166802676
194 0.29946285486221313 1.0 26.430644322485954 0.7133333333333334 24.321650053954635 0.6066666666666667 23.695981241910708
195 0.29924213886260986 1.0 26.42065277274196 0.72 24.271402718498464 0.6133333333333333 23.687429273362174
196 0.29951268434524536 1.0 26.405829851101366 0.7166666666666667 24.276538079996804 0.6133333333333333 23.699577342092635
