Setting up [LPIPS] perceptual loss: trunk [vgg], v[0.1], spatial [off]
Loading model from: /home/cjh/anaconda3/lib/python3.11/site-packages/lpips/weights/v0.1/vgg.pth
Setting up [LPIPS] perceptual loss: trunk [vgg], v[0.1], spatial [off]
Loading model from: /home/cjh/anaconda3/lib/python3.11/site-packages/lpips/weights/v0.1/vgg.pth
Finished loading model
Finished loading model
Diffuse attack initialized with noise step 0 and use prompt 0
Diffuse attack initialized with noise step 0 and use prompt 0
0.001
Model loaded! ../WAVES/adversarial/models/advmark.pth
0 0.19974708557128906 1.0 33.61048797533216 0.9833333333333333 0.7666666666666666 0.5916666666666667 1.0 1.0 0
10 0.17956535518169403 1.0 33.57102534379777 1.0 0.7916666666666666 0.8583333333333334 1.0 1.0 0
20 0.0028159853536635637 1.0 33.59797706745307 1.0 0.8833333333333333 0.8833333333333333 1.0 1.0 0
30 0.19545497000217438 1.0 33.79516954376027 1.0 0.8333333333333334 0.85 1.0 1.0 0
40 0.0021742640528827906 1.0 33.89077697635279 1.0 0.8333333333333334 0.8833333333333333 1.0 1.0 0
50 0.17939230799674988 1.0 34.025416501554005 1.0 0.8 0.8333333333333334 1.0 1.0 0
60 0.1806727945804596 1.0 34.089219756911234 1.0 0.8166666666666667 0.9083333333333333 1.0 1.0 0
70 0.0019176818896085024 1.0 34.17991140794393 1.0 0.85 0.8833333333333333 1.0 1.0 0
80 0.0019104158272966743 1.0 34.21906130159519 1.0 0.85 0.8583333333333334 1.0 1.0 0
90 0.18965663015842438 1.0 34.33942231867207 1.0 0.7583333333333333 0.875 1.0 1.0 0
100 0.18320232629776 1.0 34.39495502664415 1.0 0.7916666666666666 0.8416666666666667 1.0 1.0 0
110 0.18210619688034058 1.0 34.411022234224696 1.0 0.8 0.8416666666666667 1.0 1.0 0
120 0.0017919597448781133 1.0 34.45849319720983 1.0 0.8416666666666667 0.8666666666666667 1.0 1.0 0
130 0.0017751879058778286 1.0 34.489998272886 1.0 0.8666666666666667 0.8666666666666667 1.0 1.0 0
140 0.17459172010421753 1.0 34.52374492115177 1.0 0.8 0.8833333333333333 1.0 1.0 0
150 0.001752081443555653 1.0 34.56255045287122 1.0 0.875 0.8583333333333334 1.0 1.0 0
160 0.0017473689513280988 1.0 34.58166557896719 1.0 0.8916666666666666 0.8666666666666667 1.0 1.0 0
170 0.1788167506456375 1.0 34.62141621514705 1.0 0.8083333333333333 0.875 1.0 1.0 0
180 0.18758755922317505 1.0 34.63694519061261 1.0 0.825 0.8416666666666667 1.0 1.0 0
190 0.18128839135169983 1.0 34.635489662292905 1.0 0.7916666666666666 0.8833333333333333 1.0 1.0 0
200 0.0017582840519025922 1.0 34.63677025590891 1.0 0.8333333333333334 0.8916666666666666 1.0 1.0 0
210 0.18973104655742645 1.0 34.68436541041381 1.0 0.775 0.8416666666666667 1.0 1.0 0
220 0.0017255014972761273 1.0 34.68621427377294 1.0 0.875 0.875 1.0 1.0 0
230 0.17766958475112915 1.0 34.6590977445311 1.0 0.825 0.85 1.0 1.0 0
240 0.17962905764579773 1.0 34.69748115634563 1.0 0.775 0.8416666666666667 1.0 1.0 0
cur idx:  0
For watermark, PSNR: 34.71241031536958 SSIM: 0.9890569 LPIPS: 0.0141142495 ACC: 1.0
For attacks:  surrogate  PSNR: 24.635649036205763 SSIM: 0.83688384 LPIPS: 0.39254722 ACC: 1.0
For attacks:  wevade  PSNR: 34.72568376148912 SSIM: 0.9893585 LPIPS: 0.02149851 ACC: 0.8666666666666667
For attacks:  regen-diff  PSNR: 22.144439965046313 SSIM: 0.8290642 LPIPS: 0.20912546 ACC: 0.875
For attacks:  regen-diff-1  PSNR: 22.12256070360398 SSIM: 0.832376 LPIPS: 0.21009675 ACC: 0.8833333333333333
For attacks:  combined  PSNR: 18.648771705882762 SSIM: 0.5187822 LPIPS: 0.33119962 ACC: 0.85
For attacks:  jpeg  PSNR: 29.239219438084948 SSIM: 0.97509724 LPIPS: 0.21700683 ACC: 1.0
For attacks:  gaussian  PSNR: 25.632112115889196 SSIM: 0.95977646 LPIPS: 0.22725609 ACC: 1.0
For attacks:  gaussianblur  PSNR: 32.27345877657236 SSIM: 0.9865443 LPIPS: 0.06069137 ACC: 1.0
For attacks:  brightness  PSNR: 19.141565170110557 SSIM: 0.53586406 LPIPS: 0.14586529 ACC: 1.0
For attacks:  black  PSNR: 17.46915782838774 SSIM: 0.7085635 LPIPS: 0.5330144 ACC: 0.7333333333333334
0 0.21285872161388397 1.0 32.57218462041606 0.9833333333333333 0.7416666666666667 0.6666666666666667 1.0 1.0 0
10 0.17505371570587158 1.0 32.555548148656 0.9833333333333333 0.8083333333333333 0.8583333333333334 1.0 1.0 0
20 0.003230356378480792 1.0 32.65875211529639 0.975 0.825 0.8583333333333334 1.0 1.0 0
30 0.17276160418987274 1.0 32.77803948731491 0.975 0.7916666666666666 0.8583333333333334 1.0 1.0 0
