new para:
Parameter name: conv_bns.0.layers.0.weight
Parameter shape: torch.Size([64, 3, 3, 3])
Parameter data type: torch.float32
Parameter value: tensor([[[ 0.0929,  0.0787,  0.0987],
         [ 0.0775,  0.0709,  0.0934],
         [ 0.0991,  0.0940,  0.1131]],

        [[ 0.0700,  0.0604,  0.0814],
         [ 0.0422,  0.0371,  0.0630],
         [ 0.0612,  0.0579,  0.0796]],

        [[ 0.0358,  0.0132,  0.0431],
         [ 0.0015, -0.0155,  0.0161],
         [ 0.0292,  0.0144,  0.0389]]], grad_fn=<SelectBackward0>)
new para:
Parameter name: conv_bns.0.layers.0.bias
Parameter shape: torch.Size([64])
Parameter data type: torch.float32
Parameter value: -2.7641905830932956e-07
new para:
Parameter name: conv_bns.0.layers.1.weight
Parameter shape: torch.Size([64])
Parameter data type: torch.float32
Parameter value: -0.0049211704172194
new para:
Parameter name: conv_bns.0.layers.1.bias
Parameter shape: torch.Size([64])
Parameter data type: torch.float32
Parameter value: -0.7095145583152771
new para:
Parameter name: conv_bns.1.layers.0.weight
Parameter shape: torch.Size([64, 64, 3, 3])
Parameter data type: torch.float32
Parameter value: tensor([[[-2.4411e-01, -1.3611e-01, -1.0531e-01],
         [-1.9065e-01, -6.9156e-02, -3.1772e-02],
         [-2.4897e-01, -1.3318e-01, -1.0082e-01]],

        [[-2.1060e-01, -1.0040e-01, -6.5445e-02],
         [-1.5911e-01, -3.4822e-02,  8.2341e-03],
         [-2.2121e-01, -1.0260e-01, -6.6327e-02]],

        [[-2.2282e-01, -1.0872e-01, -7.0208e-02],
         [-1.7748e-01, -4.9353e-02,  7.8972e-04],
         [-2.3477e-01, -1.1317e-01, -7.1232e-02]],

        [[-1.8602e-01,  2.3277e-01,  1.7145e-01],
         [-7.9429e-02,  2.5149e-01,  1.0714e-01],
         [-7.3903e-01, -8.9165e-02,  7.1767e-02]],

        [[-2.3807e-01, -1.3050e-01, -9.4884e-02],
         [-1.9413e-01, -7.5360e-02, -3.0575e-02],
         [-2.5570e-01, -1.4167e-01, -1.0579e-01]],

        [[-2.2600e-01, -1.1187e-01, -7.6338e-02],
         [-1.8381e-01, -5.5227e-02, -9.3495e-03],
         [-2.4059e-01, -1.1812e-01, -7.9721e-02]],

        [[-1.9409e-01, -8.1459e-02, -4.8214e-02],
         [-1.4223e-01, -1.5619e-02,  2.5792e-02],
         [-2.0051e-01, -8.0239e-02, -4.4830e-02]],

        [[-1.5524e-01, -4.1936e-02, -9.5826e-03],
         [-1.0446e-01,  2.1908e-02,  6.2333e-02],
         [-1.6424e-01, -4.2728e-02, -9.2799e-03]],

        [[-2.0124e-01, -8.9350e-02, -5.7779e-02],
         [-1.5292e-01, -2.4445e-02,  1.5009e-02],
         [-2.1209e-01, -9.0746e-02, -5.7026e-02]],

        [[-1.7260e-01, -6.2676e-02, -2.8153e-02],
         [-1.2252e-01, -3.6389e-04,  4.1318e-02],
         [-1.8392e-01, -6.7670e-02, -3.2347e-02]],

        [[-2.2136e-01, -1.0950e-01, -7.6697e-02],
         [-1.7136e-01, -4.3733e-02, -3.2403e-03],
         [-2.3095e-01, -1.0938e-01, -7.4295e-02]],

        [[-4.4894e-01, -1.8946e-01,  1.9838e-02],
         [-7.9723e-02,  1.4210e-02, -7.1360e-02],
         [ 7.4005e-01,  6.1037e-01,  5.3943e-01]],

        [[-3.8182e-01, -2.1883e-01,  1.1543e-01],
         [ 7.6076e-02,  2.1327e-01, -1.5725e-02],
         [-1.3593e-01,  2.6730e-01, -7.9552e-02]],

        [[-1.7061e-01, -5.8168e-02, -2.5170e-02],
         [-1.2470e-01,  4.0500e-03,  4.4056e-02],
         [-1.8742e-01, -6.5984e-02, -3.1448e-02]],

        [[-2.3196e-01, -1.2333e-01, -8.9073e-02],
         [-1.9008e-01, -6.9867e-02, -2.7385e-02],
         [-2.4513e-01, -1.2895e-01, -9.3765e-02]],

        [[-2.1684e-01, -1.0747e-01, -7.4362e-02],
         [-1.6092e-01, -4.0291e-02,  2.4508e-03],
         [-2.2064e-01, -1.0493e-01, -6.9360e-02]],

        [[-1.8041e-01, -6.7430e-02, -3.2711e-02],
         [-1.3217e-01, -3.7910e-03,  4.0380e-02],
         [-1.9415e-01, -7.1783e-02, -3.4673e-02]],

        [[-2.0522e-01, -9.1496e-02, -5.7384e-02],
         [-1.5376e-01, -2.3709e-02,  1.9626e-02],
         [-2.1141e-01, -8.7901e-02, -5.1884e-02]],

        [[-1.7967e-01, -6.9548e-02, -3.5260e-02],
         [-1.2879e-01, -5.9934e-03,  3.8680e-02],
         [-1.9272e-01, -7.5777e-02, -3.7576e-02]],

        [[-2.0426e-01, -9.4024e-02, -6.0145e-02],
         [-1.5193e-01, -2.7740e-02,  1.4653e-02],
         [-2.1388e-01, -9.4790e-02, -5.8651e-02]],

        [[-1.8616e-01, -7.0685e-02, -3.7363e-02],
         [-1.3590e-01, -6.5342e-03,  3.4784e-02],
         [-2.0397e-01, -8.1224e-02, -4.4890e-02]],

        [[-2.1586e-01, -1.0453e-01, -7.0058e-02],
         [-1.6981e-01, -4.4441e-02, -3.3487e-03],
         [-2.2897e-01, -1.1000e-01, -7.4089e-02]],

        [[-1.7618e-01, -6.3889e-02, -2.7614e-02],
         [-1.1643e-01,  1.2223e-02,  5.3576e-02],
         [-1.7593e-01, -5.3877e-02, -1.9379e-02]],

        [[-2.0224e-01, -8.8667e-02, -5.6668e-02],
         [-1.5996e-01, -3.2072e-02,  9.5046e-03],
         [-2.2269e-01, -1.0128e-01, -6.4717e-02]],

        [[-2.0641e-01, -1.0965e-01, -7.0995e-02],
         [-1.4793e-01, -3.3561e-02,  7.7749e-03],
         [-1.8522e-01, -7.5555e-02, -4.1921e-02]],

        [[-2.0886e-01, -9.8075e-02, -6.3723e-02],
         [-1.5902e-01, -3.3312e-02,  9.7254e-03],
         [-2.1539e-01, -9.5420e-02, -5.9590e-02]],

        [[-1.1144e-01, -1.8439e-01, -2.3337e-01],
         [-7.6307e-02, -1.2587e-01, -1.8109e-01],
         [ 3.1371e-01,  1.2064e-01,  1.0240e-02]],

        [[-2.0253e-01, -9.0253e-02, -5.5502e-02],
         [-1.5372e-01, -2.4067e-02,  1.9642e-02],
         [-2.1282e-01, -8.9821e-02, -5.3223e-02]],

        [[ 3.0540e-01,  1.9603e-01, -1.3875e-02],
         [-1.0084e-01,  2.5365e-01,  6.4878e-02],
         [-5.5039e-01, -8.4431e-02, -3.6729e-01]],

        [[-2.0559e-01, -9.4245e-02, -6.1026e-02],
         [-1.5847e-01, -3.1454e-02,  1.0961e-02],
         [-2.1797e-01, -9.7507e-02, -6.1681e-02]],

        [[-9.3991e-01, -1.6838e+00, -1.5320e+00],
         [-4.0912e-01, -6.2984e-02, -5.4947e-01],
         [-1.0346e+00, -6.4613e-01, -4.0968e-01]],

        [[-1.9785e-01, -8.2611e-02, -4.8216e-02],
         [-1.4776e-01, -1.7372e-02,  2.6323e-02],
         [-2.0795e-01, -8.3886e-02, -4.7841e-02]],

        [[-2.1193e-01, -1.0003e-01, -6.7612e-02],
         [-1.7275e-01, -4.7769e-02, -5.4384e-03],
         [-2.3001e-01, -1.1050e-01, -7.4706e-02]],

        [[-2.0672e-01, -9.6440e-02, -6.2649e-02],
         [-1.6825e-01, -4.3731e-02,  9.7175e-04],
         [-2.2808e-01, -1.0931e-01, -7.0872e-02]],

        [[-1.8959e-01, -7.7447e-02, -4.4609e-02],
         [-1.4538e-01, -2.1298e-02,  2.1931e-02],
         [-2.0363e-01, -8.5506e-02, -4.9253e-02]],

        [[-2.0497e-01, -9.0757e-02, -5.8294e-02],
         [-1.6403e-01, -3.4408e-02,  7.5170e-03],
         [-2.2273e-01, -9.9887e-02, -6.3706e-02]],

        [[-1.9503e-01, -8.4401e-02, -5.1382e-02],
         [-1.5109e-01, -2.5460e-02,  1.4107e-02],
         [-2.1525e-01, -9.5931e-02, -6.1000e-02]],

        [[-6.3319e-01, -2.1736e-01,  2.6268e-02],
         [-2.6670e-01, -1.0533e-01, -4.6718e-01],
         [-6.2558e-01,  4.0454e-01, -3.4007e-01]],

        [[-1.9465e-01, -8.6574e-02, -5.2991e-02],
         [-1.4628e-01, -2.3675e-02,  1.8554e-02],
         [-2.0530e-01, -8.6306e-02, -5.1586e-02]],

        [[-1.6283e-01, -4.8700e-02, -1.4426e-02],
         [-1.0780e-01,  2.1571e-02,  6.1890e-02],
         [-1.7083e-01, -4.8695e-02, -1.3812e-02]],

        [[-1.7523e-01, -7.1424e-02, -3.5894e-02],
         [-1.2436e-01, -4.4181e-03,  4.1127e-02],
         [-1.8054e-01, -6.4236e-02, -2.7209e-02]],

        [[-1.9057e-01, -8.7807e-02, -5.2908e-02],
         [-1.4767e-01, -3.2067e-02,  1.0611e-02],
         [-1.9486e-01, -8.3138e-02, -4.7663e-02]],

        [[-2.0353e-01, -8.9533e-02, -5.4719e-02],
         [-1.5526e-01, -2.7785e-02,  1.6083e-02],
         [-2.1872e-01, -9.7939e-02, -5.8936e-02]],

        [[-2.2458e-01, -1.1478e-01, -8.1127e-02],
         [-1.8060e-01, -5.4961e-02, -1.1810e-02],
         [-2.4060e-01, -1.2052e-01, -8.5200e-02]],

        [[-2.2577e-01, -1.1604e-01, -8.2495e-02],
         [-1.8848e-01, -6.4187e-02, -2.1822e-02],
         [-2.4567e-01, -1.2625e-01, -8.9940e-02]],

        [[-2.0555e-01, -9.0565e-02, -5.6608e-02],
         [-1.5657e-01, -2.4068e-02,  1.7879e-02],
         [-2.1869e-01, -9.5058e-02, -5.8304e-02]],

        [[-2.1703e-01, -1.0594e-01, -6.9031e-02],
         [-1.6227e-01, -3.7800e-02,  7.6243e-03],
         [-2.2161e-01, -1.0229e-01, -6.3341e-02]],

        [[-1.8126e-01,  2.4499e-01,  3.3091e-01],
         [-7.7787e-02,  1.6648e-01,  1.2188e-01],
         [-9.1257e-02,  1.0287e-01,  4.2568e-01]],

        [[-1.9655e-01, -8.3045e-02, -4.8722e-02],
         [-1.5226e-01, -2.5079e-02,  1.9410e-02],
         [-2.1579e-01, -9.4370e-02, -5.5674e-02]],

        [[ 9.0591e-01,  8.8568e-01,  9.3190e-01],
         [ 8.9281e-01,  8.6800e-01,  9.1474e-01],
         [ 8.9154e-01,  8.6575e-01,  9.1027e-01]],

        [[-1.6650e-01, -5.5544e-02, -1.8710e-02],
         [-1.0919e-01,  1.5592e-02,  6.0548e-02],
         [-1.7182e-01, -5.2452e-02, -1.3845e-02]],

        [[-2.1596e-01, -1.0540e-01, -6.6589e-02],
         [-1.6894e-01, -4.3474e-02,  3.4580e-03],
         [-2.2667e-01, -1.0659e-01, -6.6913e-02]],

        [[ 1.2549e-01,  1.4403e-01,  1.4612e-01],
         [ 1.3537e-01,  1.5167e-01,  1.5340e-01],
         [ 1.2409e-01,  1.3958e-01,  1.4079e-01]],

        [[-1.8326e-01, -7.6135e-02, -4.6644e-02],
         [-1.2866e-01, -8.0070e-03,  2.8384e-02],
         [-1.9129e-01, -7.4953e-02, -4.3160e-02]],

        [[-2.1138e-01, -1.0350e-01, -6.9481e-02],
         [-1.6142e-01, -4.0723e-02,  2.3034e-03],
         [-2.1698e-01, -1.0035e-01, -6.3621e-02]],

        [[ 4.3850e-01,  3.3058e-01, -2.0963e-01],
         [ 2.2486e-01,  2.5879e-01, -6.3770e-02],
         [-2.4734e-01, -6.5632e-02, -3.3112e-01]],

        [[-1.5029e-01, -4.3304e-02, -8.7090e-03],
         [-9.8078e-02,  2.0840e-02,  6.4212e-02],
         [-1.5873e-01, -4.3322e-02, -7.5519e-03]],

        [[-1.4700e-01, -6.1760e-02, -1.6448e-02],
         [-8.8904e-02,  1.4660e-02,  6.5059e-02],
         [-1.3685e-01, -3.6448e-02,  7.6173e-03]],

        [[-2.0932e-01, -9.4879e-02, -5.9064e-02],
         [-1.6117e-01, -3.0800e-02,  1.5566e-02],
         [-2.2060e-01, -9.7289e-02, -5.7949e-02]],

        [[-2.2984e-01, -1.1996e-01, -8.3219e-02],
         [-1.7679e-01, -5.5271e-02, -8.6700e-03],
         [-2.3205e-01, -1.1499e-01, -7.5659e-02]],

        [[-1.8643e-01, -7.3545e-02, -4.1476e-02],
         [-1.3725e-01, -9.7793e-03,  3.0226e-02],
         [-1.9916e-01, -7.7006e-02, -4.2784e-02]],

        [[-1.9371e-01, -8.4553e-02, -5.3979e-02],
         [-1.3507e-01, -1.2978e-02,  2.4061e-02],
         [-1.9419e-01, -7.8011e-02, -4.7481e-02]],

        [[-2.1157e-01, -9.9855e-02, -6.6790e-02],
         [-1.6675e-01, -3.9889e-02,  2.2085e-03],
         [-2.2873e-01, -1.0826e-01, -7.0647e-02]],

        [[-1.9811e-01, -8.5193e-02, -5.2995e-02],
         [-1.4894e-01, -2.0780e-02,  1.8323e-02],
         [-2.1205e-01, -9.0767e-02, -5.6536e-02]]], grad_fn=<SelectBackward0>)
new para:
Parameter name: conv_bns.1.layers.0.bias
Parameter shape: torch.Size([64])
Parameter data type: torch.float32
Parameter value: 0.0003376101958565414
new para:
Parameter name: conv_bns.1.layers.1.weight
Parameter shape: torch.Size([64])
Parameter data type: torch.float32
Parameter value: 1.8682916164398193
new para:
Parameter name: conv_bns.1.layers.1.bias
Parameter shape: torch.Size([64])
Parameter data type: torch.float32
Parameter value: -0.9119284152984619
new para:
Parameter name: conv_bns.2.layers.0.weight
Parameter shape: torch.Size([64, 64, 3, 3])
Parameter data type: torch.float32
Parameter value: tensor([[[ 1.1784e-01, -9.6894e-02, -4.2618e-02],
         [ 7.9084e-02,  5.4507e-02,  5.4835e-02],
         [ 8.1294e-02, -1.8117e-01, -3.0850e-03]],

        [[-2.0517e-01, -2.0792e-01,  2.0395e-01],
         [-1.2079e-01, -6.5954e-02, -2.6604e-01],
         [-6.8191e-03, -1.5407e-01, -3.9062e-01]],

        [[ 3.5815e-01, -7.1845e-02,  3.3514e-02],
         [ 6.0535e-01,  2.6920e-01, -2.0095e-01],
         [-1.5459e-01, -1.4576e-01, -2.8408e-01]],

        [[ 1.0633e-01,  1.8998e-02,  1.7193e-01],
         [-7.2768e-02,  1.4634e-02, -1.7239e-01],
         [ 2.3584e-01,  1.2423e-01,  1.3670e-02]],

        [[ 2.4806e-01, -1.4248e-02, -1.1214e-01],
         [ 2.9166e-01, -2.2176e-01, -3.4516e-01],
         [ 9.4313e-02, -6.9470e-02, -3.1643e-01]],

        [[-4.1453e-02, -3.3516e-03, -4.4449e-02],
         [ 6.1643e-02, -1.4898e-01, -2.3786e-01],
         [-2.4958e-02,  2.6380e-01,  5.9111e-01]],

        [[-2.0997e-01,  1.4832e-01,  3.2565e-02],
         [-9.0657e-02, -6.1460e-02,  2.6405e-01],
         [-1.5397e-01,  2.1487e-02,  4.1623e-01]],

        [[-1.9758e-02,  5.1875e-04, -1.9015e-02],
         [-2.2093e-02,  2.2169e-02,  1.7840e-02],
         [-1.2926e-02,  5.3118e-02,  4.6774e-02]],

        [[ 3.1396e-01,  1.1622e-01,  2.3300e-01],
         [-8.3810e-02, -6.5470e-02,  2.8224e-01],
         [ 3.3537e-02,  1.4071e-01,  4.0767e-01]],

        [[-1.6207e-01, -2.2106e-01,  4.7876e-02],
         [-7.1407e-02,  2.1334e-01,  3.4314e-01],
         [ 3.4851e-01,  1.7898e-01,  3.4621e-01]],

        [[-8.6667e-01, -3.9730e-01,  8.5965e-02],
         [ 1.9150e-01,  4.4449e-03,  3.9902e-02],
         [ 3.5166e-02,  9.4121e-02,  1.6054e-01]],

        [[-1.5739e-01, -5.0220e-01, -5.0253e-02],
         [-1.6442e-01, -9.0658e-02,  3.2247e-01],
         [-6.5371e-02, -1.7404e-01, -2.9166e-01]],

        [[-1.6210e-02, -5.9160e-01, -4.2659e-01],
         [-1.7841e-01, -9.9052e-01, -4.0522e-03],
         [-4.9850e-02, -8.7100e-01, -4.1027e-01]],

        [[-1.1719e-01,  4.2418e-01,  3.7940e-02],
         [-2.7506e-01,  1.1249e-01, -8.7938e-03],
         [-1.6517e-01,  3.5360e-01,  2.9906e-01]],

        [[-6.2401e-01, -4.1877e-01, -3.4675e-01],
         [-1.6797e-01, -3.1193e-02,  2.0768e-01],
         [ 2.2488e-01,  2.1662e-01,  2.4307e-01]],

        [[ 3.3483e-01,  2.4539e-01, -1.8142e-01],
         [ 2.0741e-01, -3.3115e-02, -3.0294e-02],
         [ 2.2597e-01, -1.5657e-01,  8.9184e-02]],

        [[-7.5034e-04, -6.0321e-02,  9.2828e-02],
         [-6.4584e-03,  8.1864e-02, -5.2359e-02],
         [ 7.6873e-02,  4.2144e-01,  3.1620e-01]],

        [[-2.4536e+00, -7.2828e-01, -2.1758e+00],
         [-2.0531e+00, -6.4597e-01, -1.8738e+00],
         [ 2.1187e-01,  5.1779e-01,  2.5382e-01]],

        [[-3.5136e-04,  3.0803e-01,  5.4930e-02],
         [ 1.3373e-01, -5.1075e-02,  2.2360e-01],
         [ 2.7196e-01, -1.7414e-01, -6.7585e-03]],

        [[-6.7441e-02, -2.5898e-02, -4.9139e-02],
         [ 1.1423e-01,  1.8247e-01,  1.4886e-01],
         [-5.5469e-03,  1.5597e-02,  6.2688e-03]],

        [[-2.2151e-02, -1.2764e-02, -3.6972e-02],
         [-1.4090e-02, -4.9636e-03, -4.2225e-02],
         [-4.0712e-02, -2.1523e-02, -3.4704e-02]],

        [[ 1.6336e-01,  1.6879e-01,  3.3040e-02],
         [ 5.6872e-02, -1.3905e-01, -2.3507e-01],
         [-9.7917e-02, -1.3607e-01, -1.3390e-01]],

        [[ 1.9833e-01,  2.4533e-01,  3.0579e-01],
         [-2.9551e-02, -3.6265e-01, -3.3767e-01],
         [-1.6049e-01, -1.5436e-01,  1.3309e-01]],

        [[-1.4160e-01, -3.4031e-01, -2.0240e-01],
         [ 2.4136e-01,  4.4316e-01,  2.3153e-01],
         [ 3.0613e-01,  1.9162e-01, -3.7166e-01]],

        [[ 1.1045e-01,  1.0647e-02,  6.5986e-03],
         [-8.3836e-02, -1.4857e-01, -1.4531e-01],
         [-1.2483e-01, -2.6390e-02, -1.3392e-02]],

        [[ 1.0136e-02, -3.1848e-02,  7.4839e-02],
         [ 1.8882e-01,  1.3780e-03,  8.7680e-02],
         [ 1.3024e-02, -6.7273e-02, -3.5801e-02]],

        [[-3.1269e-02, -1.2997e-02, -2.4745e-02],
         [-1.8257e-02,  6.4438e-03, -1.5095e-02],
         [-7.9390e-03, -8.7375e-03, -4.2334e-02]],

        [[-3.6510e-01,  3.1227e-02,  6.2963e-02],
         [ 1.3506e-01, -1.0175e-01,  2.2870e-02],
         [ 3.4106e-01,  2.3771e-01, -3.0166e-02]],

        [[ 5.6699e-03, -1.3279e-01, -2.8669e-01],
         [ 1.7697e-01,  8.2943e-02,  1.6113e-01],
         [-8.8168e-03, -1.2585e-02,  2.9982e-02]],

        [[ 1.6018e-01,  2.7210e-01,  7.5587e-02],
         [ 1.9785e-01,  8.3932e-02, -1.4261e-01],
         [ 2.6136e-01,  2.5936e-01,  3.2744e-02]],

        [[ 2.8979e-01,  4.4802e-01,  1.0216e-01],
         [ 1.8734e-01, -9.3631e-03, -3.5403e-02],
         [ 6.0357e-02, -4.5674e-01, -2.6152e-01]],

        [[ 5.6087e-02, -8.4622e-02, -1.3842e-01],
         [-2.3561e-02,  8.2236e-02, -1.3112e-02],
         [ 7.2204e-02,  3.3086e-02,  3.0654e-01]],

        [[ 6.0032e-02, -9.2056e-02, -2.2685e-01],
         [ 1.8235e-01, -3.5361e-02,  2.4844e-02],
         [ 4.9367e-02, -8.0181e-03,  1.3841e-01]],

        [[-2.1234e-01, -9.0113e-02, -4.1716e-02],
         [-1.3585e-01, -2.2840e-01, -4.8163e-02],
         [ 4.2608e-01,  2.4884e-02, -3.3300e-01]],

        [[-2.2458e-02, -4.3002e-03, -2.3562e-02],
         [-2.4332e-02,  5.0563e-03, -1.1674e-02],
         [ 2.3861e-02,  5.8479e-02,  3.9463e-02]],

        [[-3.1579e-01, -3.1111e-01, -4.2533e-01],
         [-3.4231e-01,  4.3552e-02,  3.3244e-01],
         [ 1.1722e-01,  2.0974e-02, -7.8719e-03]],

        [[ 1.1696e-01,  2.0766e-02,  2.5102e-01],
         [ 1.7378e-02,  4.1430e-02,  6.7791e-02],
         [ 2.1282e-01,  1.9470e-01,  2.1950e-01]],

        [[ 6.4282e-02,  8.4231e-02,  4.3407e-01],
         [-1.5009e-01, -1.5416e-01,  1.4918e-01],
         [ 1.9822e-01, -2.7748e-01,  1.3232e-02]],

        [[-8.7820e-02, -5.8246e-02, -8.0798e-02],
         [ 3.2731e-02,  5.0890e-02,  2.3081e-02],
         [-7.9699e-02, -5.3173e-02, -7.1404e-02]],

        [[-1.1010e-01, -7.8299e-02, -9.1941e-02],
         [-2.2787e-02,  5.8948e-03, -2.4916e-02],
         [-2.3974e-02,  2.2973e-02,  3.6769e-03]],

        [[ 1.6121e-01,  6.9502e-02, -3.9222e-02],
         [ 1.6905e-01,  2.2994e-01,  2.1789e-01],
         [-8.2043e-02,  6.1375e-02,  1.3388e-01]],

        [[-1.7412e-01, -2.5472e-01, -6.1404e-02],
         [ 5.0164e-02, -3.5932e-02, -1.7584e-02],
         [-1.6715e-01, -1.6847e-01, -1.2631e-01]],

        [[ 2.6140e-01,  9.4166e-02, -1.6595e-01],
         [ 1.6255e-01,  1.6889e-01,  3.1697e-02],
         [-1.9138e-01, -1.4730e-01,  1.5637e-01]],

        [[-6.6294e-02, -6.4869e-02,  6.1025e-02],
         [ 1.2528e-01,  2.0961e-02,  7.6028e-04],
         [-1.4473e-01, -1.5408e-02,  1.8325e-01]],

        [[-2.9635e-01, -2.7879e-01,  6.0256e-02],
         [ 1.4386e-01,  1.0580e-01, -1.9647e-01],
         [ 3.2714e-01,  1.2293e-01,  4.3916e-01]],

        [[-1.8160e-01, -1.9481e-01, -8.2641e-02],
         [ 5.1511e-02, -1.7960e-01,  1.1789e-01],
         [ 1.1004e-01, -1.2310e-01, -2.2141e-01]],

        [[ 3.5970e-03, -6.1139e-02, -2.1041e-01],
         [-2.6331e-01, -3.4520e-01,  1.6568e-01],
         [-4.5959e-02, -2.5065e-01,  2.9736e-01]],

        [[ 1.8736e-01,  1.5915e-01, -1.9437e-01],
         [-7.8872e-02, -8.4045e-02, -4.9061e-02],
         [ 1.8872e-01, -1.0100e-01, -1.3118e-01]],

        [[-7.8795e-03,  2.1256e-01,  5.6182e-01],
         [ 1.1120e-01, -1.0627e-01, -5.4309e-03],
         [-1.0618e-01, -3.3546e-02,  2.3881e-01]],

        [[-5.4241e-01, -9.6461e-02,  1.2176e-01],
         [ 1.9697e-03,  2.5822e-01,  4.6434e-01],
         [ 6.2075e-02,  1.0100e-01,  2.9082e-02]],

        [[ 1.4340e-01, -6.2361e-02,  2.6083e-01],
         [-3.2358e-01, -8.5280e-02,  1.4629e-02],
         [ 1.9713e-02, -1.1119e-01, -1.7522e-01]],

        [[ 1.7412e-01, -1.5590e-02,  3.6312e-01],
         [ 2.2717e-01,  1.5322e-01, -5.9283e-02],
         [ 9.4488e-02,  1.2310e-01,  8.5942e-02]],

        [[ 7.8187e-04,  2.6614e-02,  1.5903e-03],
         [-3.7410e-02,  1.6424e-03,  1.6209e-02],
         [-1.5886e-02,  2.6676e-02,  1.3587e-02]],

        [[ 2.2009e-01,  2.8432e-01,  5.6384e-01],
         [ 3.6605e-02, -3.9604e-01, -7.1384e-01],
         [ 1.3741e-01,  1.2427e-01,  1.9756e-01]],

        [[-5.6541e-02,  6.5352e-02,  2.5037e-01],
         [ 1.2135e-01,  1.2596e-01,  6.6922e-03],
         [-1.9134e-01, -5.2679e-02,  2.8350e-01]],

        [[-1.7431e-02, -3.9347e-02,  1.3208e-01],
         [-8.4709e-02, -2.6373e-01, -1.9503e-01],
         [ 1.3329e-02, -8.3328e-02, -3.8297e-02]],

        [[ 2.2200e-01, -8.4454e-02, -3.4678e-01],
         [ 4.9591e-02,  1.7489e-01,  3.3181e-01],
         [ 2.2991e-01,  3.3578e-01,  1.0209e-01]],

        [[-4.6081e-01, -2.1109e-01, -5.9069e-02],
         [ 6.4584e-02, -1.9164e-01, -1.5713e-01],
         [-8.9937e-03,  3.5551e-01,  4.7789e-01]],

        [[ 1.1126e-01,  5.8264e-01,  1.4026e-02],
         [ 3.4521e-01,  1.4448e-01,  2.2627e-01],
         [ 4.9363e-01, -3.7317e-02,  6.3385e-02]],

        [[ 3.2600e-01,  1.1235e-01, -7.3965e-02],
         [ 4.9950e-02, -1.9790e-01, -2.5921e-01],
         [ 3.5813e-01,  2.0925e-01,  1.7847e-01]],

        [[ 2.9820e-01,  1.8047e-01,  2.6544e-01],
         [-1.7776e-01, -1.1186e-01, -1.7015e-01],
         [ 3.8934e-01,  2.1652e-01, -6.0952e-02]],

        [[ 2.4835e-01, -3.1440e-01, -4.3426e-02],
         [-9.3735e-02,  2.0765e-01, -6.4783e-02],
         [ 2.6572e-01,  1.8515e-01, -8.5001e-02]],

        [[-3.7159e-01, -5.1270e-01, -4.2305e-01],
         [-3.9705e-01, -3.9308e-01, -1.2671e-01],
         [ 3.6491e-01,  2.8587e-01,  1.4512e-01]],

        [[-3.5885e-01, -5.5295e-01, -6.7022e-01],
         [-6.8546e-02,  3.6277e-02, -2.0403e-01],
         [-3.1814e-01,  1.6070e-01, -1.4718e-01]]], grad_fn=<SelectBackward0>)
new para:
Parameter name: conv_bns.2.layers.0.bias
Parameter shape: torch.Size([64])
Parameter data type: torch.float32
Parameter value: 1.8472236433808575e-06
new para:
Parameter name: conv_bns.2.layers.1.weight
Parameter shape: torch.Size([64])
Parameter data type: torch.float32
Parameter value: 0.20685714483261108
new para:
Parameter name: conv_bns.2.layers.1.bias
Parameter shape: torch.Size([64])
Parameter data type: torch.float32
Parameter value: 0.6183432340621948
new para:
Parameter name: conv_bns.3.layers.0.weight
Parameter shape: torch.Size([64, 64, 3, 3])
Parameter data type: torch.float32
Parameter value: tensor([[[ 7.7678e-03,  4.3840e-01,  8.0985e-01],
         [-1.9092e-01,  5.2859e-03,  2.0586e-01],
         [-4.1601e-02,  9.2121e-02,  4.8382e-02]],

        [[ 1.8000e-02, -3.5930e-01,  3.3082e-01],
         [ 6.9636e-03, -4.4870e-01,  7.7942e-01],
         [-2.8927e-02,  2.2806e-01, -5.7252e-02]],

        [[-7.7200e-02, -1.7111e-02,  7.1519e-02],
         [-2.2785e-01, -2.8163e-01, -5.8297e-02],
         [-2.4550e-01, -2.5809e-01, -1.2519e-01]],

        [[-3.8011e-02, -2.0339e-01,  4.9113e-01],
         [-4.0681e-02, -2.8211e-01,  3.9770e-01],
         [-1.1655e-01, -1.5990e-01,  4.8391e-01]],

        [[ 2.5163e-01, -2.5571e-01, -5.8720e-01],
         [-4.2441e-02,  9.3296e-03, -1.9578e-01],
         [ 8.5078e-02, -2.8304e-02,  1.7108e-01]],

        [[-8.6102e-02,  1.5606e-01, -3.1686e-01],
         [-2.5871e-01, -2.4796e-02, -1.0307e-01],
         [ 2.7835e-02, -5.9830e-02,  4.4469e-02]],

        [[-7.1028e-04,  4.6421e-02, -3.0986e-01],
         [-1.3042e-01,  4.5607e-02, -3.4138e-01],
         [ 4.7261e-04,  5.7077e-02, -2.3245e-01]],

        [[ 1.4359e-01,  2.4664e-01, -7.6157e-01],
         [ 1.3343e-01,  2.3048e-01, -6.6208e-01],
         [ 1.0890e-01, -2.9710e-02, -3.0438e-02]],

        [[-2.3342e-01, -3.6455e-02, -5.1100e-01],
         [-5.7451e-02, -2.8298e-02,  5.3986e-01],
         [-2.2877e-01, -1.3398e-02, -1.4975e-01]],

        [[ 9.1655e-02, -2.1113e-01, -2.2691e-01],
         [ 2.2357e-01,  5.4282e-02,  6.3368e-02],
         [ 9.7670e-02, -9.5016e-02, -2.1393e-02]],

        [[-3.3106e-01,  8.4844e-02,  5.9973e-01],
         [ 3.6520e-02,  1.6580e-01,  3.3020e-01],
         [-2.5345e-01, -2.9263e-02,  1.2707e-01]],

        [[ 1.6576e-01, -1.0469e-01, -7.1316e-01],
         [ 1.6800e-01, -1.3333e-01, -4.4291e-01],
         [ 3.9332e-01,  1.4610e-01,  1.5365e-01]],

        [[-3.5197e-01, -5.8453e-02, -1.0560e+00],
         [-2.0603e-01, -1.5914e-01, -2.9992e-01],
         [ 2.4540e-02, -2.8722e-02,  4.0147e-01]],

        [[-8.2904e-02,  2.7368e-01,  2.8609e-01],
         [-9.7587e-02,  9.8156e-02,  1.6912e-01],
         [-4.2672e-03,  6.3377e-02,  3.0692e-02]],

        [[ 6.3780e-02, -1.7894e-01, -3.5131e-01],
         [-6.2602e-03, -8.6884e-02, -6.4112e-02],
         [ 3.1722e-01, -7.1651e-02,  8.6517e-02]],

        [[ 4.4338e-02, -1.4393e-01,  3.3234e-01],
         [-2.0859e-02, -2.5150e-02, -3.0893e-01],
         [-1.9075e-01, -3.1023e-01, -4.3136e-01]],

        [[-6.7836e-02, -1.1189e-01, -1.3705e-01],
         [-9.7297e-02, -7.2284e-02, -1.0537e-02],
         [-1.3696e-01, -2.2660e-01, -2.4040e-01]],

        [[ 1.1979e-01,  1.2000e-01, -2.7557e-01],
         [ 6.0452e-02,  1.0292e-01,  4.1335e-02],
         [-2.3941e-01, -2.4286e-01, -2.6940e-01]],

        [[-1.3600e-01, -1.0526e-01,  3.1553e-01],
         [ 6.6690e-03,  9.7719e-02,  1.2559e-03],
         [-2.0953e-02, -1.2969e-02, -2.0704e-01]],

        [[-1.8172e-01, -3.0636e-01,  4.1642e-01],
         [ 4.6901e-02, -6.6434e-02,  3.6668e-01],
         [-1.3621e-01, -1.8544e-02,  2.6335e-01]],

        [[ 2.9641e-01,  4.5004e-01,  1.0248e+00],
         [ 5.2740e-02, -1.9208e-02, -2.1056e-02],
         [ 3.2499e-02,  1.8568e-01,  6.0043e-02]],

        [[-5.9200e-03,  4.1757e-02, -2.8266e-01],
         [-3.4072e-02, -1.8004e-01,  9.7928e-02],
         [ 6.6550e-02, -1.3951e-02,  4.7888e-01]],

        [[-1.1581e-01, -2.2368e-02, -3.8367e-02],
         [-3.4588e-01, -1.4769e-01, -7.5727e-02],
         [-1.3079e-01, -1.4799e-01, -1.9642e-01]],

        [[ 9.4152e-02,  2.2217e-01,  8.5873e-02],
         [ 8.6046e-02,  1.9790e-01,  1.8424e-01],
         [ 1.7957e-01,  2.5580e-01,  2.4671e-01]],

        [[-2.0907e-02,  8.1490e-02,  3.2763e-01],
         [-2.5654e-01, -4.4044e-02,  2.0049e-01],
         [ 1.0006e-01,  1.1300e-01,  2.2554e-01]],

        [[-2.7759e-01, -2.3284e-01,  4.6481e-02],
         [ 5.9926e-02, -7.6266e-02,  3.2439e-02],
         [-4.5439e-02, -1.2602e-01,  2.4582e-01]],

        [[-1.7292e-02, -1.9038e-01, -1.8397e-01],
         [ 1.9700e-03,  1.3246e-01,  8.1887e-02],
         [-2.2322e-02,  2.3272e-01,  1.9615e-01]],

        [[ 8.0231e-02,  8.2851e-02,  1.0318e+00],
         [ 1.9218e-01, -1.7356e-01,  7.2952e-01],
         [ 6.9040e-02,  1.8346e-01, -1.3031e-01]],

        [[ 1.6700e-01,  1.5413e-01, -3.4670e-01],
         [ 1.9061e-01,  4.3669e-02, -1.1265e-01],
         [ 2.1379e-02, -1.7500e-01, -2.3251e-01]],

        [[ 7.4518e-02, -1.8101e-01,  3.9162e-01],
         [ 1.7115e-01, -1.5912e-01, -4.4017e-01],
         [-2.4663e-02, -1.0498e-01, -2.6114e-01]],

        [[ 1.9379e-02,  7.4468e-02, -1.7753e-01],
         [-9.8521e-02, -4.8353e-02, -2.2296e-02],
         [-3.0781e-01, -1.0550e-01, -2.5443e-01]],

        [[ 2.6170e-01, -1.9911e-01, -7.7257e-01],
         [ 1.0682e-01,  1.4793e-01, -3.1521e-01],
         [ 1.0768e-01, -4.4058e-02, -4.0587e-01]],

        [[-2.9199e-01,  8.4298e-02,  4.0426e-02],
         [-2.1097e-01,  1.6502e-01, -1.7090e-01],
         [-4.8024e-01,  7.5092e-02, -2.1152e-01]],

        [[ 2.4201e-01,  9.5433e-02, -1.4907e-01],
         [ 2.9433e-01,  1.7492e-01, -7.2374e-01],
         [ 2.5919e-01,  3.0712e-01, -4.0119e-01]],

        [[ 1.8952e-01, -1.0464e-01,  2.7200e-01],
         [ 3.5282e-02, -7.2036e-02,  1.4145e-01],
         [ 3.8709e-02,  1.8291e-01, -1.7547e-01]],

        [[-2.1574e-02,  1.1567e-01, -5.4041e-01],
         [ 2.5390e-02,  4.5047e-02,  1.3864e-01],
         [-1.3069e-01, -1.5833e-02, -3.8877e-01]],

        [[-3.1350e-01, -1.0243e-02, -7.2267e-03],
         [-8.1420e-02, -4.1384e-03, -8.9631e-02],
         [-2.2863e-01, -2.0326e-01, -2.7673e-01]],

        [[ 8.8143e-03, -2.0894e-01,  7.6573e-01],
         [ 3.2218e-02,  2.9237e-01, -4.5957e-01],
         [ 7.5828e-03,  1.4289e-01, -3.5487e-01]],

        [[-1.2697e-01, -8.2283e-02, -2.6457e-01],
         [-1.8238e-01, -1.0727e-01,  4.3602e-01],
         [-3.4107e-01,  6.7742e-02, -1.8383e-02]],

        [[-1.2433e-01, -1.8174e-01,  3.3092e-01],
         [-3.3081e-02,  9.2781e-02, -4.5867e-01],
         [-2.4370e-01, -1.4104e-01, -1.9534e-01]],

        [[ 2.1730e-01,  5.2338e-03, -1.1334e+00],
         [-2.4953e-02, -2.2971e-01, -3.2102e-01],
         [-9.9634e-02,  7.3572e-02,  3.2127e-01]],

        [[-3.7502e-01, -3.1264e-02, -8.5465e-03],
         [-3.3929e-02, -7.8267e-02, -4.3690e-02],
         [-1.1017e-01, -3.0585e-02,  1.3045e-02]],

        [[ 1.2255e-01, -1.0183e-01,  1.2483e-02],
         [ 7.9427e-02, -3.7049e-02,  1.9576e-01],
         [-8.5728e-02,  2.6341e-02, -1.2283e-01]],

        [[-3.6558e-01, -2.1327e-01,  2.7207e-02],
         [-2.8772e-01, -2.2724e-01,  9.9187e-02],
         [-3.1942e-01, -3.5706e-01, -7.1043e-02]],

        [[ 1.7120e-01, -1.0230e-01, -3.6829e-01],
         [-9.9449e-02, -1.4984e-01,  5.9015e-01],
         [-1.9453e-01,  1.9414e-03,  3.9383e-01]],

        [[-9.9501e-02, -6.5214e-02, -8.8153e-02],
         [-1.4500e-01, -1.2539e-01, -8.3263e-02],
         [-1.1062e-01, -6.6783e-02,  9.4751e-02]],

        [[ 1.3053e-01, -3.6607e-02, -2.3548e-01],
         [ 6.2066e-02,  7.9552e-02, -1.8014e-01],
         [ 1.7337e-01,  1.5791e-01,  1.3462e-01]],

        [[ 3.2003e-02,  5.6389e-02, -6.5482e-02],
         [-4.6961e-02, -1.6366e-02, -1.8917e-01],
         [-2.3842e-01, -3.0368e-02,  2.5242e-02]],

        [[-1.8302e-01, -1.0544e-01, -3.6029e-01],
         [-2.5631e-01,  5.4207e-02, -7.0112e-01],
         [-1.2524e-02,  6.7577e-02, -6.2395e-02]],

        [[ 1.6012e-01,  1.8115e-01, -1.4551e+00],
         [ 5.5426e-02,  7.2179e-02,  4.2273e-01],
         [-1.2781e-01, -1.5026e-01,  1.8207e-01]],

        [[ 1.8228e-01,  1.7471e-01,  5.6642e-01],
         [ 7.1399e-02, -1.4347e-01,  2.4680e-01],
         [ 1.0559e-01, -1.5673e-01,  2.8089e-01]],

        [[-8.9589e-02,  3.1173e-01,  8.7564e-01],
         [ 7.6702e-02,  4.6138e-01,  5.1359e-01],
         [ 2.0516e-01,  2.7549e-01, -6.1447e-01]],

        [[-3.0004e-01, -2.8017e-02, -2.2755e-01],
         [-2.6902e-01, -4.3834e-02, -2.5984e-01],
         [ 2.4235e-02, -2.8910e-02, -1.7191e-01]],

        [[-1.8224e-01,  1.7506e-01, -2.8157e-01],
         [-2.9829e-01,  3.5577e-02, -2.3570e-01],
         [-2.7990e-01,  1.0920e-01, -2.2287e-01]],

        [[-8.5219e-02,  7.3316e-02, -1.3307e-01],
         [ 2.2023e-01, -3.2341e-03, -1.3734e-01],
         [ 3.1465e-03, -9.4027e-02,  5.2985e-02]],

        [[ 3.2390e-01, -8.3676e-02,  4.9817e-01],
         [ 1.7303e-01, -8.2772e-02,  1.6175e-01],
         [-2.2018e-01,  1.2289e-01, -1.7507e-02]],

        [[-1.3012e-01, -7.9425e-03,  2.3950e-01],
         [ 1.3816e-01,  2.6673e-01,  3.3144e-01],
         [-1.3642e-01,  1.1350e-01,  1.8997e-01]],

        [[ 3.3201e-01,  1.9292e-01, -2.4283e-01],
         [ 3.6114e-01,  3.1844e-01,  9.0821e-02],
         [-3.3349e-02,  4.6713e-02, -1.4961e-01]],

        [[ 2.7827e-01, -3.6252e-02,  2.9826e-02],
         [ 2.2610e-01,  1.5545e-01, -6.5757e-02],
         [ 1.4225e-01,  9.2648e-02,  3.3271e-01]],

        [[-2.2471e-01, -1.8083e-01, -4.6827e-01],
         [ 4.6096e-02, -4.6715e-02, -1.7381e-01],
         [ 3.9399e-02, -2.2373e-02,  1.5025e-02]],

        [[ 1.2068e-02,  2.3757e-03,  7.2637e-02],
         [ 1.1509e-01, -1.8998e-02, -8.0779e-02],
         [-3.5368e-02, -1.9866e-02,  6.3656e-02]],

        [[-1.8032e-01, -4.2705e-02, -2.6386e-02],
         [-2.1494e-01,  1.5697e-02,  2.3834e-02],
         [-3.5096e-01, -4.3649e-02, -2.3670e-02]],

        [[-3.6661e-01, -3.8982e-01, -5.1681e-01],
         [-1.7509e-01,  1.2110e-01,  3.4024e-01],
         [-2.4084e-02,  9.4344e-02,  5.0799e-01]],

        [[-1.1074e-01, -2.3828e-01,  3.2412e-01],
         [ 6.1843e-02, -1.4390e-01,  4.8547e-01],
         [-1.6796e-02, -1.1398e-01,  4.9706e-01]]], grad_fn=<SelectBackward0>)
new para:
Parameter name: conv_bns.3.layers.0.bias
Parameter shape: torch.Size([64])
Parameter data type: torch.float32
Parameter value: 2.735988709900994e-05
new para:
Parameter name: conv_bns.3.layers.1.weight
Parameter shape: torch.Size([64])
Parameter data type: torch.float32
Parameter value: 1.3442450761795044
new para:
Parameter name: conv_bns.3.layers.1.bias
Parameter shape: torch.Size([64])
Parameter data type: torch.float32
Parameter value: -0.9256064891815186
new para:
Parameter name: after_concat_layer.layers.0.weight
Parameter shape: torch.Size([64, 115, 3, 3])
Parameter data type: torch.float32
Parameter value: tensor([[[ 0.0499,  0.0978,  0.0812],
         [ 0.0480,  0.0950,  0.0785],
         [ 0.0481,  0.0949,  0.0783]],

        [[-0.5454, -0.4629, -0.5533],
         [-0.5341, -0.4524, -0.5422],
         [-0.5316, -0.4500, -0.5400]],

        [[-0.0040, -0.0189, -0.0086],
         [ 0.0135, -0.0015,  0.0092],
         [ 0.0117, -0.0033,  0.0075]],

        ...,

        [[-0.1145, -0.1061, -0.0088],
         [-0.1128, -0.2390,  0.0691],
         [ 0.1158,  0.1350,  0.1987]],

        [[ 0.0279, -0.0257,  0.0519],
         [-0.0519, -0.1300,  0.0331],
         [ 0.0308, -0.0279, -0.0135]],

        [[ 0.0341,  0.1027,  0.0813],
         [-0.0086,  0.1156,  0.0685],
         [-0.0616, -0.0283, -0.1217]]], grad_fn=<SelectBackward0>)
new para:
Parameter name: after_concat_layer.layers.0.bias
Parameter shape: torch.Size([64])
Parameter data type: torch.float32
Parameter value: 4.519105914368993e-06
new para:
Parameter name: after_concat_layer.layers.1.weight
Parameter shape: torch.Size([64])
Parameter data type: torch.float32
Parameter value: 0.9654343724250793
new para:
Parameter name: after_concat_layer.layers.1.bias
Parameter shape: torch.Size([64])
Parameter data type: torch.float32
Parameter value: 0.01866699382662773
new para:
Parameter name: final_layer.weight
Parameter shape: torch.Size([3, 64, 1, 1])
Parameter data type: torch.float32
Parameter value: tensor([[[ 1.9843e+00]],

        [[ 1.9458e+00]],

        [[ 3.1346e-01]],

        [[-1.6309e-01]],

        [[-1.8203e+00]],

        [[ 3.7208e-01]],

        [[-1.1424e-01]],

        [[-3.9271e-02]],

        [[-7.6531e-02]],

        [[ 1.0845e-01]],

        [[ 1.5592e-02]],

        [[-1.8238e+00]],

        [[ 2.1370e+00]],

        [[-7.0735e-02]],

        [[ 7.4056e-02]],

        [[-1.5215e+00]],

        [[-2.6712e-01]],

        [[ 3.6800e-01]],

        [[-6.3838e-02]],

        [[-1.0572e-01]],

        [[-1.9899e-01]],

        [[-1.8348e+00]],

        [[-1.8747e+00]],

        [[ 3.5889e-01]],

        [[ 2.0744e+00]],

        [[-5.0074e-01]],

        [[-5.1326e-02]],

        [[-8.0612e-03]],

        [[-2.2873e-01]],

        [[-1.9801e-01]],

        [[-1.1387e-01]],

        [[ 1.3654e-02]],

        [[-6.4504e-02]],

        [[ 2.8945e-02]],

        [[ 2.0031e+00]],

        [[-1.1165e-01]],

        [[ 1.9413e+00]],

        [[-1.6297e-01]],

        [[-1.8207e+00]],

        [[-3.6360e+00]],

        [[ 2.6015e-03]],

        [[ 1.9717e+00]],

        [[-7.7246e-01]],

        [[-6.1153e-03]],

        [[-1.8280e-01]],

        [[ 2.0947e+00]],

        [[ 1.6707e+00]],

        [[-1.7272e+00]],

        [[-2.0642e-01]],

        [[-1.8796e-02]],

        [[ 2.9121e-01]],

        [[-3.3373e-01]],

        [[ 6.3818e-01]],

        [[-5.3862e-02]],

        [[ 7.7438e-01]],

        [[ 1.6044e-01]],

        [[ 2.1220e+00]],

        [[-1.9003e-01]],

        [[-2.0383e-01]],

        [[-1.4365e-01]],

        [[-1.7512e-01]],

        [[-1.8592e+00]],

        [[-1.1847e-01]],

        [[ 2.1217e+00]]], grad_fn=<SelectBackward0>)
new para:
Parameter name: final_layer.bias
Parameter shape: torch.Size([3])
Parameter data type: torch.float32
Parameter value: -1.384498119354248
tensor([[[[-0.6965, -1.1075, -1.2959,  ...,  0.6221,  0.5878,  0.5536],
          [-0.4739, -0.4568, -0.7650,  ...,  0.9988,  1.0673,  1.1358],
          [ 0.2282,  0.9646,  0.3138,  ...,  1.3755,  1.5468,  1.5468],
          ...,
          [-1.2274, -1.2445, -1.2617,  ..., -0.8335, -0.1828,  1.1015],
          [-1.4500, -1.5014, -1.5699,  ..., -0.9705, -1.0562, -0.8507],
          [-1.4500, -1.5185, -1.5528,  ..., -1.0390, -1.0562, -0.9877]],

         [[-0.2150, -0.7402, -1.0028,  ...,  0.7479,  0.6954,  0.7304],
          [ 0.0651,  0.0476, -0.3375,  ...,  1.0280,  1.0805,  1.1856],
          [ 0.7829,  1.6057,  0.8179,  ...,  1.5182,  1.6933,  1.6933],
          ...,
          [ 0.2402,  0.1702,  0.0651,  ..., -0.3550,  0.1352,  1.3782],
          [-0.1800, -0.1800, -0.1975,  ..., -0.4776, -0.7052, -0.5301],
          [-0.1800, -0.1975, -0.1800,  ..., -0.6527, -0.7927, -0.7927]],

         [[-0.3055, -0.5844, -0.7413,  ...,  0.4091,  0.4788,  0.2522],
          [-0.2532, -0.2010, -0.3578,  ...,  0.7925,  0.8797,  0.9145],
          [ 0.0605,  0.6182,  0.3219,  ...,  1.1411,  1.3502,  1.3328],
          ...,
          [ 1.4374,  1.3677,  1.2980,  ..., -0.8633, -0.1138,  1.4025],
          [ 0.9842,  0.9842,  0.9494,  ..., -0.8633, -0.9678, -0.7064],
          [ 0.9668,  0.9494,  0.9668,  ..., -0.9330, -0.9330, -0.8458]]]]) 
 tensor([[[[-0.9186, -0.0247, -0.7312,  ..., -0.9261,  0.2922, -0.9297],
          [-0.9655, -0.5115, -0.3612,  ..., -0.0223, -0.9112, -0.9671],
          [-0.5818,  0.1302, -0.7033,  ...,  0.9756, -0.9460, -0.9279],
          ...,
          [-0.9498, -0.9001,  0.9768,  ...,  0.9999, -1.0000, -0.9994],
          [-0.5690,  0.9784,  0.9989,  ...,  0.9963, -0.1554,  0.9910],
          [ 0.8033,  0.9515,  0.9962,  ...,  0.9026,  0.8391,  0.9835]],

         [[-0.9030,  0.5867,  0.7974,  ...,  0.9792,  0.8908,  0.9901],
          [-0.9742, -0.7782, -0.9986,  ...,  0.6946, -0.9483,  0.9978],
          [-0.9986, -0.7096, -0.9969,  ...,  0.9983, -0.8143,  0.9956],
          ...,
          [-0.9985, -0.9989, -0.8460,  ...,  0.9989, -0.9981,  0.9999],
          [-0.9993, -0.1958, -0.9636,  ...,  0.5262,  0.8793,  0.9990],
          [-0.3454,  0.9999, -0.9607,  ...,  0.5649,  0.9933,  0.9972]],

         [[ 0.9217, -0.2282, -0.8024,  ..., -0.3979, -0.8505,  0.0991],
          [ 0.9853,  0.4766,  0.9856,  ...,  0.1772,  0.8178,  0.8956],
          [ 0.9489, -0.3349,  0.9638,  ..., -0.9977,  0.9948,  0.7268],
          ...,
          [ 0.9981,  0.9775, -0.9481,  ..., -1.0000,  1.0000,  0.9989],
          [ 0.9903, -0.9981, -0.9993,  ..., -0.9991, -0.9657, -0.9973],
          [-0.3125, -0.9996, -0.9709,  ..., -0.9854, -0.9500, -0.9977]]]],
       grad_fn=<TanhBackward0>) HiddenEncoder(
  (conv_bns): Sequential(
    (0): ConvBNRelu(
      (layers): Sequential(
        (0): Conv2d(3, 64, kernel_size=(3, 3), stride=(1, 1), padding=(1, 1))
        (1): BatchNorm2d(64, eps=0.001, momentum=0.1, affine=True, track_running_stats=True)
        (2): GELU(approximate='none')
      )
    )
    (1): ConvBNRelu(
      (layers): Sequential(
        (0): Conv2d(64, 64, kernel_size=(3, 3), stride=(1, 1), padding=(1, 1))
        (1): BatchNorm2d(64, eps=0.001, momentum=0.1, affine=True, track_running_stats=True)
        (2): GELU(approximate='none')
      )
    )
    (2): ConvBNRelu(
      (layers): Sequential(
        (0): Conv2d(64, 64, kernel_size=(3, 3), stride=(1, 1), padding=(1, 1))
        (1): BatchNorm2d(64, eps=0.001, momentum=0.1, affine=True, track_running_stats=True)
        (2): GELU(approximate='none')
      )
    )
    (3): ConvBNRelu(
      (layers): Sequential(
        (0): Conv2d(64, 64, kernel_size=(3, 3), stride=(1, 1), padding=(1, 1))
        (1): BatchNorm2d(64, eps=0.001, momentum=0.1, affine=True, track_running_stats=True)
        (2): GELU(approximate='none')
      )
    )
  )
  (after_concat_layer): ConvBNRelu(
    (layers): Sequential(
      (0): Conv2d(115, 64, kernel_size=(3, 3), stride=(1, 1), padding=(1, 1))
      (1): BatchNorm2d(64, eps=0.001, momentum=0.1, affine=True, track_running_stats=True)
      (2): GELU(approximate='none')
    )
  )
  (final_layer): Conv2d(64, 3, kernel_size=(1, 1), stride=(1, 1))
  (tanh): Tanh()
)
PSNR: 33.8420788158495
Message: 111010110101000001010111010011010100010000100111
Decoded: 111010110101000001010111010011010100010000100111
Bit Accuracy: 1.0
